Objective value: -17.464559999999977
Heuristic value: -17.464559999999807
Objective value after 100 s: None
Heuristic value after 100 s: None
Objective value after 200 s: None
Heuristic value after 200 s: None
Time used: 32.405680645
Finish time segments:
[6.409731964, 7.541582056, 8.235412891, 8.712006904, 9.050948017, 9.383448338, 9.670555387, 9.812135722, 10.418314287, 10.538882618, 10.703862842, 10.905012488, 11.181183108, 11.538401436, 11.840624722, 12.286737249, 12.38270875, 12.628870962, 12.957902907, 13.044516557, 13.424701446, 13.883779655, 14.074658213, 14.762403971, 14.887992127, 15.16929091, 15.488551571, 15.660719736, 16.102131479, 16.628663561, 16.908713823, 17.159861408, 17.51295978, 17.71507843, 18.269774695, 18.515994368, 18.759763049, 18.957138255, 19.082739437, 19.278130812, 19.396002954, 19.590916191, 20.043103239, 20.440791605, 20.821458946, 20.967495808, 21.167267907, 21.503336805, 21.989093473, 22.180202781, 22.456593425, 22.670748837, 22.863651495, 23.036787617, 23.242252431, 23.495188852, 23.612709604, 23.924338145, 24.092806134, 24.19010081, 24.406065423, 24.520271869, 24.735928292, 25.077834115, 25.172521721, 25.443898237, 25.635991355, 25.926001986, 26.091024109, 26.335894497, 26.449871723, 26.516871155, 26.625717126, 26.822311968, 26.996396292, 27.20014339, 27.310803503, 27.46220986, 27.652911273, 27.806119733, 28.308971574, 28.465700133, 28.675237624, 28.911207812, 29.074213586, 29.191534884, 29.394995311, 29.575756233, 29.79778085, 30.003803701, 30.144938366, 30.279286463, 30.4865451, 30.977809372, 31.16686551, 31.374165529, 31.689984543, 31.981993134, 32.20068204, 32.405066628]
Iterations completed: 1000 iterations in 100 segments

Objective value: -17.464559999999977
Heuristic value: -17.464559999999807
Objective value after 100 s: None
Heuristic value after 100 s: None
Objective value after 200 s: None
Heuristic value after 200 s: None
Time used: 34.977292249
Finish time segments:
[8.572910883, 9.407774517, 10.39522691, 10.826945508, 11.482139171, 11.898411297, 12.218413903, 12.489445636, 12.710039949, 13.107928147, 13.558095114, 13.842792671, 14.061638991, 14.530180778, 14.946635674, 15.332557661, 15.486227638, 15.956769337, 16.148998481, 16.51026572, 16.727846797, 17.139052416, 17.45262775, 17.649832052, 18.050914009, 18.245982592, 18.68382066, 19.542538313, 20.792216991, 21.253182968, 21.655214886, 21.956338785, 22.114817984, 22.266943431, 22.365185506, 22.526583966, 22.760188548, 22.922774488, 23.278470625, 23.392603415, 23.620171853, 23.919483315, 24.198618855, 24.326797475, 24.496634345, 24.593016445, 24.782214507, 24.949388779, 25.082126938, 25.31342107, 25.399487735, 25.8489931, 26.36701243, 26.614335863, 26.772887441, 26.988830244, 27.208984522, 27.359140446, 27.749181983, 28.008759019, 28.135725215, 28.362435879, 28.626612773, 28.906825191, 29.005506209, 29.279239914, 29.407800574, 29.51100919, 29.723724171, 29.933950069, 30.086754628, 30.207703591, 30.407794046, 30.49598627, 30.665449386, 30.886019933, 31.145691002, 31.251083703, 31.415331788, 31.533163499, 31.752328524, 31.841405006, 32.033617674, 32.200063654, 32.402487832, 32.514597285, 32.719536847, 32.856325966, 33.202683299, 33.309080951, 33.507340771, 33.701027336, 33.796530218, 34.017328386, 34.202169511, 34.316853691, 34.470498735, 34.663245103, 34.858046027, 34.977236997]
Iterations completed: 1000 iterations in 100 segments

Objective value: -17.464559999999977
Heuristic value: -17.464559999999807
Objective value after 100 s: -17.464559999999977
Heuristic value after 100 s: -17.464559999999807
Objective value after 200 s: -17.464559999999977
Heuristic value after 200 s: -17.464559999999807
Time used: 310.131602251
Finish time segments:
[11.623232578, 13.918712162, 16.180625995, 18.147800772, 19.955145284, 22.698545678, 25.056374957, 27.076154939, 29.063833312, 30.844598166, 32.586652547, 34.362273817, 36.388670539, 38.190811166, 39.776454038, 41.29775132, 42.736361367, 43.966507977, 45.643303838, 47.249260349, 48.349167261, 49.829788686, 51.310094203, 52.554703633, 53.728371036, 54.995755822, 56.340892562, 57.582457428, 58.818972679, 60.25168166, 61.474015095, 63.286962949, 64.594831812, 66.212265547, 67.989979216, 69.740127976, 71.605459346, 73.838470217, 75.382543192, 76.678104955, 78.231201159, 79.667986621, 80.688837024, 82.169289738, 83.305917276, 84.800900463, 86.559526476, 88.285760053, 90.357859914, 91.581624736, 93.017691573, 94.37300682, 95.506209677, 96.618543899, 98.094531195, 99.823991114, 101.481350198, 103.049180371, 104.462058463, 106.061916682, 107.369525712, 108.847051367, 110.148563245, 111.598098703, 112.904369312, 114.247743665, 115.522144502, 116.741516729, 117.882534748, 119.066673384, 120.187525393, 121.39277568, 122.608998451, 123.870620229, 125.075535237, 126.428279808, 127.616547241, 128.836784694, 130.311539781, 132.651467466, 134.247052289, 135.800514515, 137.45271307, 138.780427595, 140.011067278, 141.304914785, 142.371688503, 143.665112806, 144.96163628, 146.124414726, 147.364515005, 148.632319603, 150.010272062, 151.25497757, 152.559560056, 153.728094703, 155.045652046, 156.221572536, 157.408296092, 158.704871366, 160.065212366, 161.169596979, 162.428778316, 163.814434577, 165.369503284, 167.003841435, 168.625417558, 170.087754526, 171.535825975, 173.032688618, 174.279145832, 175.61025638, 176.921539255, 178.268516117, 179.575980412, 180.943257814, 182.425389807, 183.577598383, 184.920677417, 186.381815932, 187.747329348, 189.135170476, 190.444438874, 191.718094969, 192.914718041, 194.331399667, 195.673582067, 197.056883043, 198.453861054, 199.984218012, 201.14033193, 202.36611332, 203.702241124, 205.133204593, 206.36068182, 207.725721262, 208.754380043, 209.97516927, 211.147669387, 212.36716848, 213.668273564, 214.875478131, 216.03045441, 217.592159692, 218.8159755, 219.994594837, 221.199970658, 222.374116107, 223.647040691, 225.190089702, 226.446012316, 227.741818806, 228.868297877, 230.270628097, 231.661359084, 232.922444285, 234.076540833, 235.316502514, 236.518003883, 238.086740648, 239.364597752, 240.844984364, 242.128920746, 243.469098324, 244.515915671, 246.29550859, 247.666748817, 248.970332378, 250.282593406, 251.526790744, 252.86304086, 254.019874171, 255.11502859, 256.503352489, 257.781038145, 259.023802373, 260.442042192, 261.800748819, 262.849717283, 264.028487586, 265.387847369, 266.549919806, 267.707809423, 268.999961983, 270.299188921, 271.733071148, 273.253810344, 274.682785042, 275.915900757, 277.262025464, 278.493786288, 279.792514339, 281.118716139, 282.416804821, 283.731654105, 285.642857668, 286.870539257, 288.155907732, 289.665118955, 291.121589883, 292.320055815, 293.544028222, 294.88780115, 296.372519829, 297.424165015, 298.696391765, 300.054715823, 301.506403741, 302.880596775, 304.026440632, 305.324272799, 306.788806353, 308.054812359, 309.27083597]
Iterations completed: 21400 iterations in 214 segments

Objective value: -17.464559999999977
Heuristic value: -17.464559999999807
Objective value after 100 s: None
Heuristic value after 100 s: None
Objective value after 200 s: None
Heuristic value after 200 s: None
Time used: 98.507779144
Finish time segments:
[11.417204237, 13.437322929, 15.288598955, 16.633071772, 18.4509896, 20.087516746, 21.37407499, 23.214670663, 25.052062286, 26.807623643, 28.357750359, 30.215671528, 31.650815706, 33.202357974, 34.648121993, 36.544464111, 37.917782076, 39.295246344, 40.747338358, 42.231563413, 43.192778842, 44.461122302, 46.102630097, 47.307552245, 48.648870544, 49.816042715, 50.912100257, 52.160615942, 53.578069655, 54.980696052, 56.352494973, 57.667328527, 58.995377536, 60.514460011, 61.683402143, 62.952898663, 64.223755125, 65.559155422, 66.801148439, 68.487145948, 69.881982426, 71.513650821, 73.479662822, 76.406001441, 78.541290957, 80.343037303, 81.805323888, 83.099075738, 84.771326142, 86.800640971, 88.910093426, 90.976173248, 92.707188633, 98.008114772]
Iterations completed: 5400 iterations in 54 segments

Objective value: -29.507999999999985
Heuristic value: -29.50800000000004
Objective value after 100 s: None
Heuristic value after 100 s: None
Objective value after 200 s: None
Heuristic value after 200 s: None
Time used: 10.243020604
Finish time segments:
[10.242896585]
Iterations completed: 1 iterations in 1 segments

Objective value: -29.507999999999985
Heuristic value: -29.50800000000004
Objective value after 100 s: None
Heuristic value after 100 s: None
Objective value after 200 s: None
Heuristic value after 200 s: None
Time used: 5.242422675
Finish time segments:
[5.242307446]
Iterations completed: 1 iterations in 1 segments

Objective value: -17.464559999999977
Heuristic value: -17.464559999999807
Objective value after 100 s: None
Heuristic value after 100 s: None
Objective value after 200 s: None
Heuristic value after 200 s: None
Time used: 61.290048478
Finish time segments:
[6.817216254, 7.722605944, 8.500590644, 9.436569846, 10.283412696, 11.059137051, 11.768861397, 12.451203254, 13.026713563, 13.615335861, 14.259291279, 14.944208176, 15.38444827, 16.213905132, 16.795097323, 17.424083164, 18.062878572, 18.603284385, 19.153249909, 19.788971032, 20.364861636, 20.797227571, 21.310435651, 21.8148147, 22.46881931, 23.061709897, 23.53850581, 24.033053305, 24.533931834, 24.997273916, 25.554794633, 26.146575523, 26.664028663, 27.17883653, 27.687707668, 28.193497123, 28.747914647, 29.288745014, 29.759792098, 30.291004012, 30.906892213, 31.394706406, 31.926781303, 32.399350599, 32.914178964, 33.355223197, 33.821312015, 34.222682038, 34.970513748, 35.349621696, 35.954910144, 36.43011313, 37.064662531, 37.651486848, 38.213641763, 38.750604221, 39.220818969, 39.802648356, 40.544758823, 41.050827697, 41.468825151, 41.973307464, 42.404734658, 42.883342735, 43.314974171, 43.853961646, 44.474823158, 45.059702184, 45.537258324, 46.105637916, 46.680943004, 47.195611269, 47.658347563, 48.154025359, 48.586182095, 48.947299148, 49.405856245, 49.853982231, 50.268084031, 50.855276719, 51.343231439, 51.824009257, 52.505315086, 53.143980933, 53.765266476, 54.459896949, 54.887972911, 55.467852024, 55.93143072, 56.526348482, 56.937690602, 57.398857481, 57.909735906, 58.566365474, 58.973417655, 59.386991309, 59.899891324, 60.390309803, 60.809571919, 61.289990129]
Iterations completed: 3000 iterations in 100 segments

Objective value: -17.464559999999977
Heuristic value: -17.464559999999807
Objective value after 100 s: -17.464559999999977
Heuristic value after 100 s: -17.464559999999807
Objective value after 200 s: -17.464559999999977
Heuristic value after 200 s: -17.464559999999807
Time used: 306.733773825
Finish time segments:
[10.215178214, 12.912871934, 14.718590887, 16.569554882, 18.358272716, 20.090464016, 21.554825246, 23.049044827, 24.601496334, 26.550589817, 27.993888944, 29.897504038, 31.617096243, 33.479322101, 35.272498867, 36.994736522, 39.886406675, 42.393325625, 44.586523801, 46.280585433, 47.657966104, 49.56505609, 51.616795009, 53.515932734, 55.259405691, 56.88570766, 58.491697695, 60.018101431, 61.615696817, 63.149592049, 64.740389714, 66.438789095, 68.525577787, 70.007423915, 71.734812927, 73.162856174, 74.707434633, 76.206910304, 77.74859648, 79.246710054, 80.787078259, 82.348847234, 83.712571197, 85.015522798, 86.699746172, 88.510359899, 90.196126161, 91.86377146, 93.683437626, 95.159783199, 96.612149709, 98.312105477, 99.845851079, 101.514297123, 102.93197312, 104.510101637, 106.162771295, 108.169413804, 110.568989077, 112.690342377, 114.67727104, 116.700957375, 118.361884514, 120.171401813, 122.082563927, 123.496532298, 125.016433717, 126.775771264, 128.437154791, 130.157746569, 131.864968457, 133.293939918, 134.876273592, 136.334232242, 137.81812675, 139.755533274, 141.018841733, 142.695174295, 144.379749647, 146.127526812, 147.735169112, 149.497717991, 151.175493125, 152.49721996, 153.936155952, 155.56056074, 157.260653905, 158.919096497, 160.56163003, 162.234571763, 163.847577834, 165.442640721, 166.942171089, 168.638108445, 170.503404423, 172.275205864, 173.914732452, 175.668984122, 177.3860669, 179.193032016, 181.312472598, 183.416860166, 185.320400251, 186.90493355, 188.680548486, 190.251074415, 191.897325759, 193.26785396, 194.877929428, 196.201053263, 197.822679923, 199.246902559, 200.707265449, 202.293838855, 203.857187016, 205.642134472, 207.100522295, 208.758069595, 210.325850624, 211.871344984, 214.085429335, 216.166777681, 218.606468947, 220.600449154, 222.804203923, 224.91975369, 226.851768897, 228.342788823, 229.993670242, 231.926677309, 234.111493091, 236.278284379, 237.762346813, 239.163168474, 240.723433512, 242.194553547, 243.750119416, 245.235564275, 246.715805014, 248.292716832, 249.643998135, 251.242929395, 252.753352269, 254.469623716, 256.228598008, 257.853516732, 259.775633405, 261.840442632, 263.785679842, 265.715397369, 267.170695897, 268.76214974, 270.17939428, 271.600475907, 272.977180819, 274.670494858, 276.219176623, 277.388551819, 278.924560559, 280.482877016, 281.85656585, 283.398614447, 284.888407803, 286.476811522, 288.183410289, 289.873592484, 291.31444114, 292.954781923, 294.576842054, 296.259984119, 297.8315338, 299.336015051, 300.840347, 302.415134165, 303.812640813, 305.423186581]
Iterations completed: 17600 iterations in 176 segments

