Objective value: -16.83599999999994
Heuristic value: -16.835999999999558
Objective value after 100 s: None
Heuristic value after 100 s: None
Objective value after 200 s: None
Heuristic value after 200 s: None
Time used: 68.800233102
Finish time segments:
[7.693859743, 8.417578828, 9.592781386, 11.094780948, 11.816822668, 12.27327723, 13.200991033, 14.324345927, 14.84651989, 16.10544651, 16.619670691, 17.33448888, 18.267323912, 19.427357706, 20.452205407, 21.446743116, 22.096430483, 22.971315884, 23.862580998, 24.481584518, 24.964865848, 25.587058643, 26.210222528, 26.823676061, 27.318630039, 28.035159737, 28.599765188, 28.948645099, 29.476511335, 30.112352419, 30.536414543, 30.96148492, 31.46643732, 31.841563589, 32.408574112, 33.038653028, 33.564162877, 34.058902063, 34.549099732, 35.095926499, 35.553958653, 36.096158649, 36.536496143, 36.98951179, 37.369996096, 37.856967558, 38.490530476, 38.948486656, 39.692918295, 40.478091074, 41.148754594, 41.809374116, 42.350220706, 42.828574967, 43.446952683, 44.091037584, 44.391946653, 44.830564931, 45.23543579, 45.581903145, 46.185267762, 46.690535616, 47.205048232, 47.894208722, 48.395616887, 48.813684816, 49.491039239, 50.388702346, 51.057377566, 51.691447365, 52.256003192, 52.93818869, 53.556625145, 54.269600385, 55.357057566, 55.936514816, 56.522695601, 57.114860355, 57.806743061, 58.369064757, 59.022211208, 59.44628848, 59.82171565, 60.429094876, 61.105315518, 61.875114367, 62.86967345, 63.447621978, 63.827008952, 64.324994816, 64.689756217, 65.30894224, 65.741135296, 66.09875554, 66.494353154, 66.934631843, 67.498558033, 67.886703191, 68.285954101, 68.800173122]
Iterations completed: 3000 iterations in 100 segments

Objective value: -16.83599999999994
Heuristic value: -16.835999999999558
Objective value after 100 s: None
Heuristic value after 100 s: None
Objective value after 200 s: None
Heuristic value after 200 s: None
Time used: 62.000439886
Finish time segments:
[6.053161668, 8.032171176, 9.039407956, 10.138745128, 11.224926116, 11.902604989, 12.444731651, 13.041127573, 13.478911652, 14.499373681, 15.440761565, 16.201461229, 17.051756395, 17.693009844, 18.358783729, 19.06876244, 19.507518478, 20.247235384, 20.685158366, 21.104363923, 21.817944597, 22.515729665, 23.152434705, 23.738347064, 24.256314025, 24.908917946, 25.464911824, 25.929913045, 26.418801336, 26.894576516, 27.405602509, 27.913966663, 28.496155731, 29.228459727, 30.214661245, 30.683588933, 31.180948497, 31.666570603, 32.154694727, 32.69679054, 33.310223743, 33.750777656, 34.278168273, 34.743268648, 35.185284806, 35.750384073, 36.310943431, 36.725061264, 37.41160789, 37.775031606, 38.191122303, 38.74979472, 39.056226333, 39.534443239, 40.027342833, 40.376763102, 40.734506705, 41.225928891, 42.416054206, 42.92431545, 43.343077989, 43.84598217, 44.235464421, 44.672119473, 45.166057929, 45.65240666, 46.123128239, 46.625117752, 47.064155911, 47.470098241, 47.958289537, 48.558120375, 48.999195923, 49.367414914, 49.843297551, 50.259590802, 50.833333717, 51.376513977, 51.863471797, 52.424960983, 52.908990168, 53.330356722, 54.030265059, 54.567013373, 55.239945305, 55.749877166, 56.181355293, 56.695706204, 57.135604437, 57.537869164, 57.873601515, 58.320531382, 58.722153057, 59.341064131, 59.672815486, 60.277850907, 60.719220457, 61.10896699, 61.629093596, 62.000379102]
Iterations completed: 3000 iterations in 100 segments

Objective value: -16.83599999999994
Heuristic value: -16.835999999999558
Objective value after 100 s: None
Heuristic value after 100 s: None
Objective value after 200 s: None
Heuristic value after 200 s: None
Time used: 65.737556397
Finish time segments:
[9.533765402, 10.727580023, 11.682208409, 12.422465838, 13.140991153, 13.865009919, 15.333284396, 16.301194119, 17.050070678, 17.862613677, 18.500822359, 18.981126789, 19.618173252, 20.026644221, 20.514095867, 21.001918731, 21.740202096, 22.284558942, 22.946792498, 23.36773041, 23.891398203, 24.516027775, 25.112770047, 25.647637522, 26.110428546, 26.637949523, 27.026778402, 27.730647002, 28.366960238, 28.803324466, 29.309080765, 29.671114178, 30.42246878, 31.040850407, 31.864430122, 32.503662627, 32.967500404, 33.453871628, 33.911861997, 34.300231816, 34.776050953, 35.302206628, 35.69291087, 36.195256696, 36.597091168, 37.069875279, 37.53608634, 38.002169012, 38.350362375, 38.830129955, 39.266422588, 39.725457212, 40.225740629, 40.987292947, 41.487469945, 41.947578646, 42.40328037, 43.08122721, 43.587759843, 44.059176383, 44.506431126, 44.988373381, 45.524911067, 46.215412278, 46.686168041, 47.157940677, 47.615408557, 48.383101911, 49.178156927, 49.560066909, 50.425360641, 50.879739179, 52.098136009, 52.68905709, 53.174517769, 53.55417616, 54.048332718, 54.487584557, 54.871455292, 55.321224908, 55.723709765, 56.204911895, 56.733321488, 57.268032946, 57.917597074, 58.364896653, 58.959813984, 59.530131279, 60.102804592, 60.48332271, 61.032402131, 61.631698978, 62.11309229, 62.672987653, 63.232553396, 63.750497107, 64.313662098, 64.730815539, 65.297529381, 65.73748791]
Iterations completed: 3000 iterations in 100 segments

