Objective value: -6.857999999999963
Heuristic value: <Heuristics.best_construction_heuristic.ConstructionHeuristic object at 0x7feed18ae2b0>
Objective value after 80 s: None
Heuristic value after 80 s: None
Objective value after 200 s: None
Heuristic value after 200 s: None
Time used: 32.535941278
Finish time segments:
[6.121191118, 6.615893622, 6.892717867, 7.350177915, 7.631764504, 7.804153762, 8.196042973, 8.549546205, 8.898934313, 9.101810419, 9.368023791, 9.727881508, 10.034382974, 10.231447297, 10.433895928, 10.6308679, 10.851760152, 11.134944231, 11.29475179, 11.530648789, 11.72979037, 11.932327205, 12.234820638, 12.442673283, 12.614295307, 12.80692613, 13.096732524, 13.400236142, 13.629954012, 13.936762209, 14.110983643, 14.312952659, 14.557024526, 14.836512431, 15.394814047, 15.656448056, 15.995717102, 16.237709827, 16.52233711, 16.753933226, 17.118452969, 17.459782229, 17.723672732, 18.158864804, 18.3651657, 18.515059555, 18.716586504, 18.935183326, 19.123284386, 19.354762047, 19.857985756, 20.048376098, 20.305844126, 20.52804102, 20.725968845, 21.017728268, 21.186601292, 21.396583131, 21.592850377, 21.901844644, 22.103432718, 22.311333942, 22.590506139, 22.838962621, 23.039851344, 23.330028003, 23.605727557, 24.002801225, 24.237744771, 24.500387669, 24.710348044, 24.892092912, 25.216764245, 25.518772062, 25.897610129, 26.343343816, 26.784623592, 27.097441047, 27.273738305, 27.586122647, 27.965446061, 28.137289727, 28.40517177, 28.660789345, 28.887040586, 29.271016146, 29.487935425, 29.675136499, 29.939406861, 30.222775535, 30.452990671, 30.700913649, 30.95042228, 31.12118764, 31.39773987, 31.649299929, 31.884966299, 32.067393317, 32.304614191, 32.535880561]
Iterations completed: 2000 iterations in 100 segments
Objective value: -6.857999999999963
Heuristic value: <Heuristics.best_construction_heuristic.ConstructionHeuristic object at 0x7f9b468ae2b0>
Objective value after 80 s: None
Heuristic value after 80 s: None
Objective value after 200 s: None
Heuristic value after 200 s: None
Time used: 44.714343582
Finish time segments:
[6.948395689, 7.261021161, 7.794564083, 8.620048499, 8.939333693, 9.568990173, 10.311297966, 10.743563237, 10.963900941, 11.272605706, 11.469940577, 11.719678774, 11.886336147, 12.086451553, 12.30673939, 12.558263192, 12.773841777, 13.019515235, 13.604288422, 13.861122518, 14.37359041, 14.578198523, 14.746933847, 15.066533649, 15.355305258, 15.975031716, 16.736033661, 17.376825615, 18.323911344, 18.78576877, 19.318334958, 20.321023582, 21.545063989, 22.166960159, 22.724102763, 23.141677099, 23.706061363, 24.133693075, 24.392804617, 24.67334019, 24.965038126, 25.293781882, 25.656642493, 25.893388375, 26.211787374, 26.52200728, 26.76279183, 27.12501988, 27.406146102, 28.151330074, 28.581055285, 29.008185327, 29.394793799, 29.852140449, 30.139167236, 30.534489704, 30.835614645, 31.065012946, 31.311096114, 31.474424543, 31.776438526, 32.020659484, 32.325608047, 32.650689301, 32.976998676, 33.303699505, 33.552734971, 33.996578155, 34.28421613, 34.556000925, 34.992926814, 35.209472003, 35.613114731, 36.011793514, 36.301095274, 36.68340552, 36.984754257, 37.327464393, 37.646234972, 37.988198021, 38.25581682, 38.645464539, 38.949299957, 39.207491265, 39.574122381, 39.863701239, 40.180991497, 40.48493369, 40.737528209, 41.003105013, 41.374833723, 41.712669339, 42.027507124, 42.32291958, 42.628784644, 43.162975257, 43.553086144, 43.939727512, 44.334687517, 44.714279103]
Iterations completed: 2000 iterations in 100 segments
Objective value: -6.857999999999963
Heuristic value: <Heuristics.best_construction_heuristic.ConstructionHeuristic object at 0x7fc04e0ae2b0>
Objective value after 80 s: None
Heuristic value after 80 s: None
Objective value after 200 s: None
Heuristic value after 200 s: None
Time used: 36.581158799
Finish time segments:
[7.190904159, 8.129824971, 8.700113928, 9.509749059, 10.339177959, 10.651453725, 11.269617466, 11.766875996, 12.645805935, 13.138207207, 13.973703268, 14.678119011, 15.045484688, 15.735298538, 16.381508467, 16.613905064, 16.930482293, 17.189243977, 17.388001132, 17.581737066, 17.901847867, 18.123038619, 18.346521337, 18.531130148, 18.739740114, 19.016554902, 19.205412818, 19.375198024, 19.593935308, 19.77554478, 19.985748421, 20.161140543, 20.341076365, 20.539278277, 20.839570625, 21.174850746, 21.365528937, 21.591871615, 21.956760671, 22.161347013, 22.385375476, 22.581234135, 22.947479666, 23.149322467, 23.508921034, 23.729022584, 23.911890793, 24.094123904, 24.393890758, 24.619607898, 24.798787971, 25.105654353, 25.277098098, 25.524864131, 25.727434234, 25.922104004, 26.259698842, 26.560235807, 26.841055441, 27.035484791, 27.22762798, 27.42470013, 27.602561418, 27.946663541, 28.204405657, 28.56493507, 28.916883932, 29.106642503, 29.423237603, 29.635509084, 29.986821564, 30.18812472, 30.576600219, 30.782449915, 30.996590553, 31.2233953, 31.402519122, 31.64066167, 31.813035381, 32.032683017, 32.207423846, 32.398484616, 32.604391615, 32.783033096, 32.988000494, 33.192559369, 33.415059834, 33.602668235, 33.799520567, 34.006589643, 34.2286628, 34.567261152, 34.917874617, 35.205168769, 35.433311309, 35.620535428, 35.800619925, 36.189162041, 36.382012979, 36.581103668]
Iterations completed: 2000 iterations in 100 segments
Objective value: -6.857999999999963
Heuristic value: <Heuristics.best_construction_heuristic.ConstructionHeuristic object at 0x7f94a38ad2b0>
Objective value after 80 s: None
Heuristic value after 80 s: None
Objective value after 200 s: None
Heuristic value after 200 s: None
Time used: 44.604406152
Finish time segments:
[5.806936567, 6.944917179, 7.885409117, 8.185634664, 8.859716351, 9.788788132, 10.386031168, 10.704091696, 10.997001323, 11.276751369, 11.513835229, 11.787329854, 12.360083878, 12.642480555, 13.197978303, 14.010825751, 14.581317485, 15.11575902, 15.69390498, 16.147218506, 16.473468948, 16.827323812, 17.161809538, 17.410054295, 17.686887334, 18.067697707, 18.301107118, 18.558747264, 18.884376567, 19.207504574, 19.518161359, 19.758620104, 20.011596782, 20.281271207, 20.737567587, 21.072491691, 21.349775268, 21.69152499, 21.923193196, 22.181783727, 22.508678636, 22.763471686, 23.100400826, 23.383913714, 23.660432435, 24.058603598, 24.307398563, 24.708254517, 25.016592133, 25.386231605, 25.677158198, 26.060014989, 26.367509314, 26.771250888, 27.077663919, 27.347750075, 27.703781348, 27.949568324, 28.334549655, 28.601755471, 28.982117793, 29.284572824, 29.686927277, 29.951156898, 30.340367542, 30.811400769, 31.388711135, 31.949574653, 32.408122306, 32.887110027, 33.247413012, 33.715887921, 34.056803625, 34.36546023, 34.711087932, 35.063571934, 35.48028139, 35.80302077, 36.095383446, 36.392900928, 36.724412148, 37.031356174, 37.393109224, 37.708233383, 38.055932119, 38.425359558, 38.799201856, 39.172431979, 39.484256137, 39.827906687, 40.331659296, 40.789451252, 41.242594485, 41.752925738, 42.205921946, 42.689305632, 43.172205459, 43.67481023, 44.098174532, 44.604335854]
Iterations completed: 2000 iterations in 100 segments
