0 824 1281 283 644 830 1251 589 460 664 709 1067 1151 986 830 919 824 921 1067 1499 1472 1729 953 1016 1089 1083 1324 1925 1628 1789 1611 1511 1489 1137 1298 2232 2321 1633 1668 1667 1472 2343 1998 3124 3156 3322 3474 321 440 244 1028 280 355 424 1265 1265 2313 645 1622 1799 912 1132 969 1667 1770 1233 1979 2134 1341 1447 1693 2028 2348 1521 1729 1861 2701 1443 1464 1463 1664 2047 2495 2636 1723 1628 2758 1671 1681 2932 2398 2886 2981 2571 2448 2603 3058 2906 2995 2962 3220 2986 2603 2884 3239 3359 3303 2715 3364 3425 3360 3604 3612
896 0 451 775 238 381 579 1027 792 490 409 591 790 1691 1354 1109 682 649 768 1138 913 1369 1293 1206 946 940 933 1565 1242 1343 1800 1700 1679 1130 992 1756 1960 1386 1857 1693 1329 2328 1990 3314 2544 3511 3664 444 318 500 185 557 673 570 904 905 3018 815 1262 2504 973 1838 1468 1235 1226 1771 1414 1774 978 1086 1210 1463 1988 1159 1247 1378 2225 1436 1322 1158 1289 1565 2019 2159 1477 1323 2281 1552 1539 2455 2588 2409 2505 2761 2637 2792 3247 3095 2604 2486 3410 3176 2460 3073 3429 2941 2663 2573 3554 2784 3549 2964 2972
1304 534 0 1182 531 348 225 1883 1137 773 521 497 460 2036 1699 1453 965 703 850 787 652 1018 1638 1526 949 884 838 1213 981 991 2145 2045 1510 1133 1046 1405 1609 1133 2202 1696 1409 2331 1993 3659 2624 3856 3272 943 782 907 322 965 1202 882 467 553 3363 1112 911 2849 1395 2182 1813 884 875 2116 1063 1422 971 1029 1026 1112 1637 1090 1062 1194 1874 1438 1248 1222 1219 1436 1667 1808 1480 1390 1930 1632 1619 2104 2933 2058 2153 3106 2982 3137 2852 2647 2607 2135 2952 2685 2540 3418 3774 3020 2743 2652 3899 2864 3894 3044 3051
401 847 1471 0 667 881 1303 322 236 503 681 996 1202 718 562 544 502 693 968 1551 1117 1630 686 713 668 828 1070 1977 1374 1434 1307 1208 1186 834 1033 1877 2372 1379 1365 1364 1094 2040 1695 2821 2852 3018 3171 407 526 267 1115 212 208 399 1317 1317 2045 378 1674 1531 609 865 702 1312 1414 965 1623 2186 1087 1193 1338 1673 2400 1266 1374 1506 2346 1140 1155 1188 1410 1692 2140 2281 1419 1354 2403 1368 1304 2577 2095 2530 2626 2268 2144 2300 2754 2602 2692 2607 2917 2683 2767 2580 2936 3056 3000 2338 3061 3121 3057 3301 3309
994 485 887 872 0 297 719 1382 636 335 254 419 618 1536 1199 953 526 441 612 966 741 1197 1137 1050 791 785 657 1393 1070 1171 1645 1545 1523 975 784 1584 1788 1213 1702 1537 1174 2173 1835 3158 2389 3356 3508 579 584 598 522 655 773 453 732 733 2863 682 1090 2349 818 1682 1312 1063 1054 1616 1242 1601 742 906 1038 1291 1816 979 1075 1206 2053 1280 1166 950 1108 1393 1847 1987 1322 1115 2109 1397 1383 2283 2432 2237 2333 2606 2482 2637 3092 2940 2449 2314 3254 3020 2305 2918 3273 2785 2507 2417 3398 2629 3394 2808 2816
1491 830 764 1353 487 0 555 1707 961 598 338 297 439 1861 1524 1278 789 521 517 792 567 1022 1463 1351 767 702 638 1218 896 996 1970 1870 1327 951 864 1410 1614 1048 2027 1513 1227 2149 1811 3483 2442 3681 3089 1076 998 1048 690 1093 1027 707 558 558 3188 937 915 2674 1220 2007 1637 889 880 1941 1068 1427 806 835 941 1117 1642 909 977 1109 1879 1256 1065 1029 1038 1296 1672 1813 1298 1194 1935 1450 1437 2109 2757 2063 2158 2931 2807 2962 2670 2465 2425 2140 2770 2503 2358 3243 3598 2838 2560 2470 3724 2682 3719 2861 2869
1589 858 400 1588 722 408 0 1942 1196 833 580 306 447 2095 1759 1513 919 680 658 713 575 943 1697 1337 958 860 647 1139 905 917 2204 2105 1519 1142 1022 1330 1535 1057 2262 1705 1385 2341 2003 3145 2599 3623 3247 1267 1106 1192 646 1328 1262 942 393 479 3423 1172 836 2908 1210 2242 1872 810 801 2176 989 1348 814 844 950 1038 1562 918 986 1118 1799 1448 1223 1050 1047 1304 1593 1734 1489 1217 1856 1608 1436 2030 2700 1983 2079 2873 2749 2624 2862 2656 2617 2060 2961 2705 2516 2963 3318 2996 2718 2628 3157 2839 3662 3019 3027
736 1346 1669 351 937 1079 1501 0 277 666 862 1194 1400 405 249 231 521 784 1059 1576 1207 1721 373 490 687 840 1160 1983 1464 1524 803 889 868 773 1051 1968 2379 1469 1046 1046 1033 1721 1583 2503 2534 2700 2853 664 784 555 1372 470 452 585 1514 1515 1732 396 1872 1218 479 551 389 1402 1505 652 1714 2192 1091 1283 1428 1763 2407 1361 1465 1596 2437 1045 1174 1206 1476 1783 2231 2371 1101 1373 2493 1351 1243 2667 1777 2621 2717 1950 1826 1981 2436 2284 2374 2698 2599 2365 2449 2262 2618 2738 2682 2750 2743 2803 2738 2983 2990
914 1094 1416 597 685 827 1249 551 0 297 610 942 1148 854 686 488 348 487 762 1496 910 1423 673 585 515 622 863 1686 1167 1227 1180 1080 1058 707 837 1671 2082 1172 1237 1237 967 1912 1567 2694 2725 2891 3044 770 940 573 1146 586 471 332 1262 1262 2181 224 1619 1667 481 1000 847 1105 1208 1151 1417 1895 881 986 1131 1466 2110 1060 1167 1299 2140 1012 1002 1034 1203 1486 1933 2074 1292 1201 2196 1240 1177 2370 1968 2324 2419 2141 2017 2172 2627 2475 2565 2401 2790 2555 2640 2453 2808 2928 2873 2210 2934 2994 2929 3174 3181
1323 1094 1297 1055 685 708 1130 1179 515 0 332 713 1081 1333 996 750 291 389 613 1308 939 1452 862 675 556 550 791 1715 1095 1256 1378 1278 1116 740 765 1700 2111 1100 1435 1303 939 1938 1600 2892 2154 3089 2802 908 988 927 1146 984 836 532 1143 1143 2660 388 1483 2146 549 1479 1109 1134 1237 1413 1446 1924 809 914 1160 1495 2139 988 1196 1328 2169 1045 932 930 1131 1515 1962 2103 1087 1096 2225 1162 1149 2399 2166 2353 2448 2339 2215 2370 2459 2254 2214 2430 2559 2292 2070 2651 3006 2550 2273 2182 3132 2394 3127 2574 2581
1367 1025 1059 1301 616 474 892 1412 871 339 0 379 590 1566 1229 983 490 255 380 921 592 1105 1095 908 502 437 499 1368 799 909 1611 1511 1062 686 599 1352 1764 878 1668 1248 962 1884 1546 2688 2177 3167 2824 952 1032 971 916 1028 974 654 818 818 2893 628 1175 2379 782 1712 1342 787 890 1646 1099 1577 557 692 813 1148 1791 766 849 981 1822 991 800 764 895 1168 1615 1756 1033 929 1878 1185 1171 2052 2243 2006 2101 2417 2293 2167 2405 2200 2160 2082 2505 2238 2093 2506 2861 2573 2295 2205 2929 2417 3205 2596 2604
1615 1137 958 1477 670 340 532 1535 1085 601 314 0 290 1689 1352 1106 614 375 353 673 314 903 1218 1031 653 554 341 1099 605 715 1734 1634 1213 837 716 1159 1495 794 1791 1400 1079 2035 1697 2840 2294 3318 2942 1200 1181 1172 921 1217 1151 831 439 439 3016 785 796 2502 905 1835 1465 593 696 1769 905 1308 509 538 619 954 1522 612 655 787 1628 1142 918 744 741 974 1421 1562 1184 912 1684 1302 1131 1858 2395 1812 1907 2568 2444 2318 2556 2351 2311 1889 2656 2399 2210 2657 3012 2690 2413 2322 2852 2534 3356 2714 2721
1957 1360 993 1819 1012 538 741 1822 1427 888 601 365 0 1975 1639 1393 900 593 428 361 188 664 1504 1237 728 629 436 859 517 658 1940 1773 1288 912 791 1102 1255 669 1997 1475 1154 2110 1701 2915 2240 3393 2888 1541 1523 1513 1144 1559 1493 1173 302 301 3303 1072 658 2788 1162 2122 1752 491 540 2056 749 1068 507 565 562 798 1283 626 598 730 1571 1217 901 758 755 917 1364 1505 1259 926 1627 1274 1145 1801 2470 1755 1850 2643 2519 2393 2631 2454 2315 1832 2731 2345 2156 2732 3088 2636 2359 2270 2798 2480 3431 2660 2667
1467 2025 2347 1083 1616 1758 2180 743 879 1157 1424 1873 2079 0 374 774 1011 1275 1550 2067 1698 2212 463 773 1102 1255 1651 2474 1955 2015 894 794 772 1113 1360 2459 2870 1848 951 951 1064 1626 1488 2408 2439 2605 2758 1396 1515 1287 2077 1201 1165 1263 2193 2193 1545 887 2550 1031 867 279 389 1893 1996 374 2205 2683 1506 1774 1919 2254 2898 1573 1955 2087 2928 950 1279 1412 1663 1944 2721 2862 1006 1482 2984 1256 1333 3158 1682 3112 3207 1855 1731 1886 2341 2189 2279 3189 2504 2269 2354 2167 2523 2642 2587 2655 2648 2708 2643 2888 2895
1233 1645 1967 849 1236 1378 1800 508 645 777 1044 1493 1699 335 0 331 631 895 1170 1687 1318 1831 254 541 751 904 1271 2094 1575 1635 723 623 601 942 1115 2079 2490 1580 780 780 893 1455 1317 2237 2268 2434 2587 1162 1491 1053 1697 967 931 883 1813 1813 1760 507 2170 1246 554 462 157 1513 1616 402 1825 2303 1155 1394 1539 1874 2518 1425 1575 1707 2548 778 1108 1241 1492 1894 2341 2482 835 1311 2604 1085 1162 2778 1511 2732 2827 1684 1560 1715 2170 2018 2108 2809 2333 2098 2183 1996 2351 2471 2416 2484 2477 2537 2472 2717 2724
1350 1406 1729 844 997 1140 1561 504 493 539 806 1255 1461 658 331 0 393 656 932 1449 1080 1593 278 260 513 666 1033 1856 1337 1397 786 686 664 502 877 1840 2252 1342 843 842 762 1518 1380 2299 2331 2497 2649 1173 1253 1011 1458 1022 906 645 1575 1575 1985 269 1932 1471 316 808 444 1275 1378 748 1587 2065 916 1156 1301 1636 2279 1187 1337 1469 2310 841 999 1032 1302 1656 2103 2244 898 1198 2366 1148 971 2540 1573 2494 2589 1747 1623 1778 2233 2081 2170 2570 2395 2161 2245 2059 2414 2534 2478 2547 2539 2600 2535 2779 2787
1543 1294 1498 1226 885 908 1330 1050 686 350 560 824 882 1203 866 620 0 278 591 1108 739 1253 732 418 213 335 643 1515 946 1056 1248 1148 795 418 508 1500 1911 952 1305 981 638 1616 1278 2421 1853 2959 2501 1129 1210 1148 1346 1215 1100 839 1094 1093 2530 299 1283 2016 292 1349 980 934 1037 1283 1246 1724 586 766 960 1295 1939 818 997 1128 1969 724 631 663 933 1315 1763 1903 765 830 2025 951 848 2199 2036 2153 2249 2209 2085 1899 2137 1932 1892 2230 2237 1971 1769 2238 2594 2250 1972 1881 2661 2093 2997 2273 2280
1649 1267 1275 1353 858 702 1092 1347 813 454 279 560 618 1500 1163 917 306 0 327 844 475 989 1029 842 333 268 331 1251 682 792 1545 1378 894 517 430 1236 1647 737 1602 1080 793 1715 1377 2520 2008 2998 2656 1234 1314 1253 1131 1310 1204 931 830 829 2827 596 1019 2313 559 1646 1277 670 773 1580 982 1460 416 551 696 1031 1675 625 733 864 1705 823 632 595 754 1051 1499 1639 864 761 1761 1016 1003 1935 2075 1889 1985 2248 2124 1998 2236 2031 1991 1966 2336 2070 1924 2337 2693 2405 2127 2036 2760 2248 3036 2428 2435
1749 1403 1254 1540 966 636 828 1527 1000 592 383 296 384 1680 1343 1097 605 326 0 708 272 853 1209 1005 496 397 292 1115 546 656 1708 1541 1057 680 559 1100 1511 735 1765 1243 922 1878 1540 2683 2137 3161 2785 1334 1414 1353 1217 1410 1304 1031 567 566 3007 776 923 2493 930 1826 1457 534 637 1760 846 1324 459 488 560 895 1539 562 596 728 1569 986 761 724 691 915 1363 1503 1027 890 1625 1145 1132 1799 2238 1753 1848 2411 2287 2161 2399 2194 2154 1830 2499 2243 2053 2500 2856 2534 2256 2165 2695 2377 3199 2557 2564
2301 1705 1257 2164 1356 882 1005 2280 1772 1346 1059 745 419 2434 2097 1851 1358 1120 799 0 483 333 1963 1608 1099 1000 770 528 632 306 2311 2144 1659 1283 1154 720 924 727 2368 1845 1327 2405 1977 3130 2516 3466 3164 1886 1867 1858 1488 1903 1837 1517 566 318 3761 1530 346 3247 1533 2580 2210 296 190 2514 378 737 939 808 475 427 952 892 588 658 1189 1588 1177 1034 834 751 982 1123 1665 1202 1245 1550 1421 1419 2665 1373 1468 2838 2714 2688 2898 2730 2591 1450 2998 2622 2432 3027 3075 2913 2635 2546 3074 2756 3642 2936 2943
2241 1645 1328 1995 1296 822 1040 1988 1455 1096 762 589 345 2142 1805 1559 949 611 446 451 0 650 1653 1255 746 647 326 912 330 453 1958 1791 1306 930 809 897 1308 532 2015 1493 941 2019 1591 2744 2130 3080 2778 1826 1807 1798 1428 1843 1777 1457 637 517 3469 1238 675 2955 1180 2288 1918 330 434 2119 643 1121 397 378 357 692 1336 516 394 525 1366 1235 791 648 639 712 1160 1300 1277 816 1422 1164 1035 1596 2487 1550 1646 2661 2537 2302 2512 2344 2205 1627 2612 2236 2046 2641 2689 2527 2249 2160 2688 2370 3449 2550 2557
2719 2123 1675 2582 1774 1300 1423 2575 2042 1683 1403 1163 857 2729 2392 2146 1536 1198 1033 453 729 0 2240 1842 1333 1234 898 398 654 328 2545 2378 1893 1517 1176 451 794 749 2602 2079 1349 2427 1999 3152 2538 3488 3185 2304 2285 2276 1906 2321 2255 1935 984 686 4056 1825 389 3542 1767 2875 2505 334 212 2706 168 607 961 830 496 315 821 914 610 680 981 1822 1199 1056 856 657 775 916 1687 1223 1038 1572 1443 1212 2686 1165 1261 2860 2736 2710 2920 2752 2613 1242 3020 2643 2454 3049 3097 2934 2656 2568 3096 2778 3664 2958 2965
1591 1747 2070 1207 1338 1481 1902 867 834 810 1077 1596 1441 636 489 457 548 799 1151 1668 1299 1812 0 310 651 804 1203 2075 1506 1616 617 517 495 523 764 2059 2471 1348 674 673 787 1349 1211 2130 2162 2328 2480 1514 1594 1352 1799 1363 1247 986 1916 1916 2107 540 1842 1593 404 530 303 1494 1597 424 1806 2284 1054 1211 1520 1855 2498 1074 1556 1688 2529 672 1001 1135 1386 1667 2322 2463 729 1204 2585 979 1055 2759 1404 2713 2808 1578 1454 1609 2064 1912 2001 2789 2226 1992 2076 1890 2245 2365 2309 2378 2370 2431 2366 2610 2618
1669 1726 2049 1352 1317 1459 1649 1134 812 969 937 1117 1175 989 673 469 525 658 884 1401 1032 1546 349 0 324 519 937 1809 1239 1350 740 573 316 324 565 1793 2204 1150 797 580 561 1472 1065 2254 1959 2451 2604 1492 1572 1330 1778 1341 1226 965 1387 1387 2460 518 1576 1946 320 874 670 1227 1330 768 1539 2017 770 927 1253 1588 2232 875 1290 1421 2262 527 661 721 990 1302 2056 2196 583 864 2318 810 771 2492 1528 2446 2542 1701 1577 1732 2187 2035 1679 2523 2350 2116 1747 2013 2369 2489 1895 1805 2494 2016 2489 2196 2204
1993 1734 1938 1675 1325 1277 1469 1499 1135 790 758 937 995 1653 1316 1070 437 478 704 1222 853 1366 820 560 0 270 757 1629 1060 1170 1326 1159 674 298 364 1613 2025 949 1383 860 494 1496 1158 2300 1709 2779 2357 1570 1650 1588 1786 1665 1549 1288 1208 1207 2980 749 1396 2466 658 1681 1331 1048 1151 1487 1360 1838 521 677 1074 1409 2052 674 1110 1242 2082 603 487 519 789 1101 1876 2017 644 686 2139 717 704 2313 1855 2267 2362 2028 1905 1779 2017 1812 1772 2343 2116 1850 1625 2118 2473 2105 1828 1737 2540 1949 2817 2129 2136
2025 1775 1818 1729 1366 1200 1393 1723 1189 830 715 860 919 1876 1539 1293 684 436 628 1145 776 1290 1101 841 281 0 486 1552 733 1093 1542 1375 890 434 237 1306 1733 727 1599 1076 600 1733 1250 2537 1815 2794 2462 1610 1690 1629 1827 1686 1579 1306 1131 1130 3203 972 1320 2689 961 1897 1547 971 1074 1703 1283 1761 311 467 841 1100 1976 489 863 997 1775 794 438 402 633 945 1568 1709 938 567 1831 823 809 2005 1992 1959 2054 2166 2042 2016 2171 2003 1864 2036 2270 1920 1731 2355 2710 2211 1933 1843 2372 2055 2970 2234 2242
2212 1682 1596 1915 1272 1090 1307 1909 1375 1017 694 636 613 2063 1726 1480 870 488 404 724 349 868 1591 1206 697 371 0 1131 334 658 1909 1742 1257 746 453 906 1334 383 1966 1301 696 1774 1346 2498 1885 2835 2532 1797 1877 1815 1696 1873 1766 1493 905 904 3390 1159 898 2876 1131 2209 1839 550 653 2143 862 1340 152 197 442 701 1584 271 464 598 1375 1051 545 403 400 570 1169 1310 1034 570 1432 919 789 1606 2033 1560 1655 2206 2083 2057 2267 2099 1960 1636 2366 1990 1801 2396 2444 2281 2003 1915 2442 2125 3011 2304 2312
2857 2261 1813 2719 1912 1438 1561 2828 2327 1936 1615 1301 995 2982 2645 2399 1789 1450 1286 633 982 388 2493 2095 1586 1487 1151 0 907 581 2798 2631 2146 1770 1429 299 449 1002 2855 2332 1602 2680 2252 3404 2791 3741 3438 2442 2423 2414 2044 2459 2393 2073 1122 824 4309 2078 527 3795 2020 3128 2758 587 465 2959 255 262 1214 1083 749 383 476 1167 863 663 607 2075 1451 1309 1156 776 623 764 1940 1458 886 1825 1695 1060 2939 1014 1109 3113 2989 2963 3173 3005 2866 1090 3273 2896 2707 3302 3350 3187 2909 2821 3349 3031 3917 3210 3218
2510 2020 1704 2214 1585 1197 1415 2208 1674 1315 1035 915 721 2361 2024 1778 1169 830 665 615 361 657 1872 1474 965 644 352 919 0 417 1938 1829 1419 929 599 666 1093 222 1905 1378 772 1813 1385 2538 1924 2874 2572 2095 2175 2114 1803 2171 2065 1792 1012 798 3688 1457 790 3174 1399 2351 2002 338 441 2157 537 1128 371 284 180 460 1344 337 224 357 1135 1128 622 479 347 379 929 1069 1110 610 1191 958 829 1365 2073 1319 1415 2246 2122 2096 2306 2138 1999 1396 2406 2030 1840 2435 2483 2321 2043 1952 2482 2164 3050 2344 2351
2844 2389 1941 2547 2040 1566 1689 2541 2008 1649 1369 1248 1081 2695 2358 2112 1502 1164 999 630 695 531 2206 1808 1299 1200 853 585 595 0 2511 2344 1859 1350 1020 472 777 503 2304 1824 1199 2213 1785 2937 2324 3274 2971 2429 2509 2448 2172 2505 2398 2125 1250 952 4022 1791 785 3508 1733 2841 2471 413 316 2672 188 705 875 785 347 192 946 752 327 343 942 1554 1042 886 668 445 735 876 1539 1127 998 1358 1228 1172 2472 1126 1221 2646 2522 2496 2706 2538 2399 1202 2805 2429 2240 2835 2883 2720 2442 2352 2882 2564 3450 2743 2751
2107 2312 2634 1722 1903 2045 2466 1382 1398 1374 1641 1621 1679 1017 899 1059 1112 1163 1389 1906 1537 2050 656 756 989 1180 1634 2313 1664 1853 0 349 503 844 1089 2178 2606 1458 398 396 673 936 884 1717 1749 1915 2067 2078 2158 1916 2364 1927 1812 1550 2480 2480 1504 1104 2081 990 968 516 697 1732 1835 440 1973 2612 1373 1510 1676 1896 2856 1203 1659 1793 2648 538 908 1085 1311 1592 2441 2582 518 1068 2704 768 868 2878 991 2832 2927 1165 1041 1196 1651 1499 1588 2908 1814 1579 1663 1477 1832 1952 1896 1965 1958 2018 1953 2197 2205
1976 2181 2503 1592 1772 1914 2336 1251 1267 1243 1510 1358 1416 886 768 928 981 900 1126 1643 1274 1787 525 450 537 1049 1503 2050 1532 1721 343 0 372 713 960 2047 2474 1327 328 328 541 905 815 1687 1718 1884 2037 1947 2027 1785 2233 1796 1681 1419 1629 1628 2357 973 1818 1843 837 916 567 1469 1572 546 1841 2259 1243 1378 1544 1764 2725 1071 1527 1661 2516 380 777 953 1179 1460 2309 2450 386 937 2572 636 736 2746 961 2700 2795 1134 1010 1165 1620 1468 1558 2777 1783 1548 1633 1446 1801 1921 1866 1934 1927 1987 1922 2167 2174
2053 2257 2580 1668 1848 1990 2412 1328 1343 1319 1142 1322 1380 963 844 1005 1058 863 1089 1606 1237 1751 601 442 529 720 1174 2014 1321 1530 637 470 0 383 631 1818 2245 1135 694 344 351 1168 829 2151 1723 2348 2501 2023 2103 1861 2309 1872 1757 1496 1593 1592 2433 1049 1781 1919 913 993 643 1432 1535 798 1744 2223 913 1155 1404 1572 2496 860 1336 1470 2287 282 566 700 951 1231 2081 2222 347 769 2343 598 620 2517 1425 2471 2567 1598 1474 1630 1688 1483 1443 2548 1788 1522 1511 1910 2266 2386 1737 1647 2391 1858 2386 2038 2046
2368 2110 2313 2050 1701 1652 1844 1874 1511 1165 1133 1312 1370 1614 1496 1445 812 854 1080 1597 1228 1712 1253 728 375 527 981 1974 1125 1333 1289 1122 637 0 354 1582 2009 939 1346 823 337 1470 987 2275 1552 2531 2200 1945 2025 1964 2162 2040 1925 1663 1583 1582 3085 1124 1772 2571 736 1644 1294 1381 1496 1450 1453 2015 744 971 1207 1376 2260 664 1139 1273 2051 516 330 509 779 1091 1844 1985 675 533 2107 560 547 2281 1730 2235 2330 1903 1779 1753 1908 1740 1601 2312 2008 1658 1468 2092 2448 1948 1671 1580 2110 1792 2780 1972 1979
2325 2075 2119 2212 1666 1500 1693 2036 1672 1130 1015 1160 1219 1972 1852 1606 974 736 928 1314 941 1368 1611 1010 537 332 692 1630 781 989 1492 1480 996 334 0 1238 1665 595 1459 932 326 1459 976 2264 1541 2520 2189 1910 1990 1929 2127 1986 1880 1607 1431 1430 3443 1285 1489 2929 1194 2002 1653 1037 1152 1808 1109 1671 413 627 863 1032 1916 320 795 929 1707 682 230 193 435 747 1500 1641 664 359 1763 549 578 1937 1719 1891 1986 1892 1768 1742 1897 1729 1590 1968 1997 1647 1457 2081 2437 1938 1660 1569 2099 1781 2696 1961 1968
3323 2720 2272 3027 2371 1897 2021 3020 2487 2128 1848 1727 1533 3174 2837 2591 1981 1643 1478 994 1174 645 2685 2287 1778 1582 1227 512 969 546 2710 2610 2199 1760 1430 0 534 866 2629 2150 1553 2538 2110 3263 2649 3599 3297 2908 2988 2927 2503 2984 2877 2604 1581 1283 4501 2270 986 3987 2212 3132 2782 827 730 2938 362 560 1312 1246 736 381 866 1163 692 708 657 1908 1393 1274 983 603 450 591 1864 1286 713 1683 1554 887 2798 841 936 2971 2847 2821 3031 2863 2724 918 3131 2754 2565 3160 3208 3045 2768 2675 3207 2889 3775 3069 3076
3340 2743 2296 3202 2395 1921 2044 3237 2810 2344 2064 1783 1478 3390 3053 2808 2198 1859 1694 1115 1390 871 2901 2504 1994 1896 1518 536 1260 837 3000 2901 2490 2051 1721 406 0 1156 2920 2440 1843 2829 2400 3553 2939 3889 3587 2924 2905 2896 2526 2941 2876 2556 1605 1307 4717 2486 1009 4203 2428 3537 3073 1005 907 3228 539 475 1602 1537 1027 671 331 1453 983 999 196 2199 1683 1565 1274 893 186 318 2154 1576 436 1974 1844 610 3088 564 659 3261 3137 3112 3321 3153 3014 641 3421 3045 2856 3450 3499 3336 3058 2966 3497 3179 4066 3359 3367
2640 2306 1990 2343 1871 1484 1701 2337 1803 1444 1321 1201 1007 2302 2153 1908 1298 1050 951 914 647 864 1941 1499 923 708 588 1127 359 475 1939 1810 1399 904 574 723 1150 0 1858 1378 753 1767 1339 2491 1878 2828 2525 2224 2304 2243 2089 2300 2194 1921 1299 1084 3817 1587 1117 3303 1685 2332 1982 616 648 2138 594 1157 438 372 298 518 1401 306 281 356 1192 1108 596 440 201 206 986 1127 1093 518 1249 912 782 1423 2026 1376 1472 2200 2076 2050 2260 2092 1953 1453 2360 1983 1794 2389 2437 2274 1996 1906 2436 2118 3004 2297 2305
2358 2563 2886 1974 2154 2296 2718 1634 1649 1625 1892 1633 1691 1268 1150 1310 1364 1174 1400 1917 1548 2166 907 724 1094 1268 1451 2428 1579 1805 551 371 568 931 1004 2131 2558 1411 0 416 597 618 764 1400 1431 1597 1750 2329 2409 2167 2615 2178 2063 1802 1903 1903 2093 1355 2092 1341 1219 867 949 1835 1950 878 1925 2564 1218 1425 1628 1848 2809 1118 1612 1745 2600 521 824 1037 1263 1544 2394 2534 470 1021 2656 720 820 2830 674 2784 2880 847 723 878 1333 1181 1271 2861 1496 1262 1346 1159 1515 1635 1579 1647 1640 1700 1635 1880 1887
2272 2476 2799 1887 2067 2209 2105 1547 1562 1425 1393 1573 1631 1182 1063 1224 1094 1114 1340 1858 1488 1857 820 813 752 943 1143 2120 1271 1460 649 518 367 550 696 1785 2212 1065 635 0 279 945 607 1799 1500 1996 2149 2242 2322 2080 2528 2091 1976 1715 1844 1843 2652 1269 2032 2138 1132 1212 862 1527 1641 976 1579 2219 909 1117 1283 1502 2463 809 1266 1400 2254 175 515 692 918 1198 2048 2189 124 675 2310 375 474 2485 1073 2438 2534 1246 1122 1277 1465 1260 1220 2515 1565 1299 1288 1558 1914 2034 1514 1424 2039 1635 2034 1815 1823
2529 2279 2488 2343 1870 1870 2063 2166 1803 1334 1385 1530 1588 1701 1583 1737 1104 1106 1298 1547 1446 1600 1340 1000 667 702 886 1863 1014 1222 1213 1209 798 297 439 1511 1938 828 1180 653 0 1180 687 1985 1252 2241 1900 2114 2194 2133 2331 2190 2217 1810 1801 1800 3172 1416 1722 2658 1325 1731 1381 1270 1385 1537 1342 1944 652 860 1096 1265 2189 553 1028 1162 1980 421 259 392 643 924 1773 1914 385 481 2036 260 262 2210 1440 2164 2259 1613 1489 1463 1608 1440 1301 2241 1708 1357 1168 1802 2157 1648 1371 1280 1810 1492 2417 1672 1679
2889 2640 2998 2504 2231 2380 2572 2164 2179 1696 1895 2040 2098 1799 1681 1841 1364 1615 1807 1991 1956 2044 1437 1538 1004 1212 1374 2307 1458 1619 986 1131 940 841 949 1944 2372 1224 655 602 542 0 338 812 800 1069 1190 2859 2940 2697 2692 2709 2593 2332 2311 2310 2444 1886 2165 1611 1750 1342 1479 1714 1829 1334 1739 2378 1140 1304 1442 1662 2622 1041 1425 1559 2413 627 768 851 1077 1357 2207 2348 394 834 2470 440 633 2644 267 2597 2693 440 317 291 702 550 639 2674 864 630 714 630 985 1041 947 1016 1052 1068 1245 1248 1256
2793 2589 2946 2409 2180 2328 2521 2068 2084 1644 1843 1988 2046 1703 1585 1745 1312 1564 1756 1865 1587 1918 1342 1334 952 1160 1248 2181 1332 1493 1077 980 888 790 897 1819 2246 1099 964 551 490 613 0 1246 936 1674 1643 2424 2504 2602 2641 2613 2498 2236 2259 2258 2514 1546 2040 2000 1289 1526 1384 1588 1703 1404 1613 2252 1015 1178 1316 1536 2497 915 1299 1433 2288 576 717 725 951 1232 2081 2222 343 709 2344 215 508 2518 873 2472 2567 1046 922 896 1023 795 656 2549 1114 734 724 1235 1428 1225 1114 1046 1479 1235 1764 1415 1422
3251 3456 3779 2867 3047 3189 3098 2527 2542 2518 2420 2566 2624 2161 2043 2203 2257 2141 2333 2408 2130 2462 1800 1900 1530 1738 1792 2725 1875 2036 1348 1493 1648 1367 1474 2362 2789 1642 1017 1251 1067 533 668 0 310 378 378 3222 3302 3060 3508 3071 2956 2695 2836 2836 2806 2248 2583 1973 2112 1704 1842 2131 2246 1696 2156 2795 1558 1722 1859 2079 3040 1458 1843 1976 2831 1153 1294 1269 1494 1775 2625 2765 920 1252 2887 771 1051 3061 520 3015 3111 668 473 321 481 402 460 3092 311 379 468 378 185 229 324 505 240 415 507 382 607
3192 2941 3151 2953 2532 2532 2725 2613 2465 1996 2047 2193 2251 2248 2129 2290 1767 1768 1960 2132 1853 2185 1886 1750 1330 1365 1515 2448 1599 1760 1676 1594 1433 960 1102 2085 2512 1365 1346 1216 694 807 708 612 0 835 742 2776 2856 2795 2993 2852 2879 2473 2464 2463 3134 2079 2306 2301 1795 2033 1928 1855 1969 2024 1879 2519 1281 1445 1583 1802 2763 1181 1566 1700 2554 1065 921 992 1218 1498 2348 2489 879 975 2610 608 791 2784 958 2738 2834 1131 967 783 808 563 438 2815 735 317 263 847 654 491 213 262 652 334 1030 514 522
3535 3740 4063 3151 3331 3473 3382 2811 2826 2802 2704 2850 2908 2445 2327 2487 2541 2425 2617 2692 2414 2746 2084 2184 1814 2022 2075 3008 2159 2320 1632 1777 1932 1651 1758 2646 3073 1926 1301 1535 1351 817 952 396 577 0 313 3506 3586 3344 3792 3355 3240 2979 3120 3120 2790 2532 2867 2310 2396 1988 2126 2415 2530 1980 2440 3079 1842 2005 2143 2363 3324 1742 2127 2260 3115 1437 1578 1552 1778 2059 2909 3049 1204 1536 3171 1055 1301 3345 804 3299 3395 909 757 605 877 798 835 3376 707 754 805 345 258 378 499 608 269 449 155 373 568
3758 3472 3682 3373 3063 3063 3256 3033 3048 2528 2578 2724 2782 2668 2550 2710 2298 2299 2491 2663 2385 2716 2306 2407 1861 1896 2046 2979 2130 2291 1854 2000 2154 1491 1633 2616 3043 1896 1524 1757 1226 1040 1271 506 598 441 0 3307 3388 3566 3524 3578 3462 3201 2995 2994 3072 2755 2837 2592 2618 2211 2348 2386 2501 2203 2411 3050 1812 1976 2114 2334 3294 1712 2097 2231 3085 1596 1452 1523 1749 2029 2879 3020 1410 1506 3142 1139 1322 3316 1026 3269 3365 1174 979 827 988 909 1002 3346 817 854 826 763 353 399 423 525 181 373 388 181 278
738 777 1072 583 575 760 1198 835 673 594 639 997 1081 1707 1370 1124 755 852 998 1429 1402 1660 1309 1221 1019 1013 1255 1856 1558 1720 1816 1716 1695 1203 1228 2163 2251 1563 1873 1873 1402 2548 2063 3330 2617 3527 3680 0 231 264 820 409 530 586 1195 1196 3034 853 1553 2520 1117 1853 1484 1597 1700 1787 1909 2064 1272 1378 1623 1958 2279 1451 1660 1791 2632 1509 1395 1394 1594 1978 2426 2566 1550 1559 2688 1625 1612 2862 2604 2816 2912 2777 2653 2808 3263 3111 2677 2893 3426 3192 2533 3089 3445 3565 2736 2645 3570 2857 3565 3037 3045
789 558 1011 635 586 771 1137 887 684 605 650 1008 1092 1718 1381 1135 765 863 1008 1440 1413 1670 1320 1232 1030 1024 1265 1866 1569 1730 1827 1727 1705 1214 1239 2174 2262 1574 1884 1884 1413 2559 2074 3341 2628 3538 3691 191 0 316 759 508 624 596 1206 1206 3045 863 1563 2531 1128 1864 1494 1608 1711 1798 1920 2075 1283 1388 1634 1969 2290 1462 1670 1802 2643 1519 1406 1404 1605 1989 2436 2577 1561 1570 2699 1636 1623 2873 2615 2827 2922 2788 2664 2819 3274 3122 2688 2904 3437 3202 2544 3100 3455 3575 2747 2656 3581 2868 3576 3048 3055
542 725 1182 420 545 731 1152 672 449 565 610 968 1052 1069 913 868 725 822 968 1400 1373 1630 1052 965 990 984 1225 1826 1529 1690 1560 1460 1438 1087 1199 2133 2222 1534 1617 1616 1373 2292 1947 3073 3105 3271 3423 222 341 0 929 203 323 323 1166 1166 2396 657 1523 1882 861 1215 1227 1568 1671 1531 1880 2035 1242 1348 1594 1929 2249 1422 1630 1762 2602 1392 1365 1364 1565 1949 2396 2537 1672 1529 2659 1596 1582 2833 2347 2787 2882 2520 2397 2552 3007 2855 2944 2863 3169 2935 2504 2833 3188 3308 2706 2616 3313 2828 3309 3007 3015
996 213 266 875 290 244 416 1127 880 578 362 461 603 1779 1442 1196 769 544 668 956 731 1187 1381 1293 790 725 803 1383 1060 1161 1888 1788 1350 974 887 1574 1778 1213 1945 1537 1250 2172 1834 3402 2465 3599 3113 635 473 600 0 657 773 645 722 723 3106 875 1080 2592 1061 1925 1555 1053 1044 1859 1232 1592 845 1000 1106 1281 1806 1073 1142 1273 2043 1279 1089 1052 1203 1460 1837 1977 1321 1218 2099 1473 1460 2273 2676 2227 2323 2849 2725 2880 2693 2488 2448 2304 2793 2526 2381 3161 3516 2861 2584 2493 3642 2705 3637 2885 2892
468 673 1261 280 493 678 1100 508 313 512 557 915 999 904 748 771 672 770 915 1347 1320 1577 956 868 937 931 1172 1773 1476 1637 1463 1363 1341 990 1146 2081 2169 1481 1520 1520 1250 2195 1850 2977 3008 3174 3327 257 419 93 756 0 134 259 1113 1113 2231 536 1470 1717 764 1050 887 1515 1618 1151 1827 1982 1190 1295 1541 1876 2197 1369 1577 1709 2550 1295 1313 1311 1512 1896 2343 2484 1575 1477 2606 1523 1460 2780 2251 2734 2829 2424 2300 2455 2910 2758 2848 2811 3073 2838 2923 2736 3091 3211 3156 2493 3217 3277 3212 3457 3464
553 801 1358 280 621 768 1190 502 198 464 559 883 1089 873 717 657 623 655 918 1437 1212 1668 841 754 790 791 1032 1864 1336 1396 1349 1249 1227 876 1006 1839 2259 1341 1406 1405 1136 2081 1736 2862 2894 3060 3212 385 547 221 884 143 0 157 1203 1204 2200 422 1561 1686 650 1019 1016 1274 1377 1120 1586 2073 1049 1155 1300 1635 2287 1229 1336 1468 2308 1181 1276 1309 1372 1655 2102 2243 1461 1475 2365 1409 1345 2539 2136 2493 2588 2309 2186 2341 2796 2644 2733 2569 2958 2724 2808 2622 2977 3097 3041 2379 3102 3163 3098 3342 3350
796 854 1153 649 494 563 985 1051 305 273 370 678 884 1204 867 621 486 583 729 1232 1007 1463 806 718 754 744 986 1659 1289 1451 1313 1213 1192 840 959 1894 2054 1294 1370 1370 1100 2045 1700 2827 2858 3024 3177 562 657 397 906 443 310 0 998 999 2531 355 1356 2017 614 1350 981 1328 1320 1284 1508 1867 1003 1109 1354 1557 2082 1182 1391 1522 2363 1146 1126 1125 1325 1709 2157 2297 1425 1290 2419 1373 1310 2593 2101 2547 2643 2274 2150 2305 2760 2608 2698 2624 2923 2689 2773 2586 2942 3062 3006 2343 3067 3127 3062 3307 3315
1976 1254 844 1838 1031 556 592 1955 1446 1020 733 419 198 2108 1771 1526 1033 794 608 353 378 706 1637 1418 908 810 597 902 636 613 2120 1953 1469 1092 971 1093 1297 789 2177 1655 1334 2291 1891 3095 2430 3573 3078 1560 1541 1532 1089 1577 1512 1192 0 242 3435 1204 599 2921 1324 2255 1885 478 563 2188 751 1111 697 685 657 800 1325 816 713 845 1562 1398 1091 949 946 1057 1356 1497 1439 1116 1618 1465 1335 1792 2650 1746 1842 2823 2699 2574 2811 2606 2505 1823 2911 2536 2346 2912 3268 2827 2549 2461 2988 2670 3611 2850 2858
2033 1436 989 1895 1088 614 737 2012 1503 1078 791 477 254 2166 1829 1583 1090 851 663 284 339 521 1694 1473 964 865 652 716 563 495 2176 2009 1524 1147 1027 908 1112 715 2233 1710 1390 2346 1862 3150 2401 3629 3048 1618 1599 1589 1220 1635 1569 1249 298 0 3493 1262 357 2979 1382 2312 1942 405 379 2246 567 925 753 611 583 616 1139 777 639 771 1378 1453 1061 919 849 940 1171 1312 1494 1086 1434 1435 1305 1608 2705 1562 1657 2878 2755 2629 2867 2615 2476 1638 2966 2506 2317 2968 3323 2797 2519 2431 2958 2641 3667 2820 2828
2618 3176 3498 2234 2767 2909 3331 1893 2030 2308 2575 3024 3230 1406 1662 1872 2162 2426 2701 3218 2849 3362 1795 2105 2329 2482 2802 3625 3106 3166 1316 1598 2104 2445 2338 3610 4021 2708 1833 1646 1922 2219 2347 2879 2892 2698 2915 2547 2666 2438 3228 2352 2316 2414 3344 3344 0 2038 3701 521 2121 1242 1720 3044 3147 1177 3356 3834 2733 2925 3070 3405 4049 2452 3106 3238 4079 1787 2158 2334 2560 2841 3872 4013 1767 2318 4135 2017 2117 4309 2003 4263 4358 1898 1966 2339 2794 2642 2732 4340 2741 2722 2807 2346 2918 3038 3153 3108 2899 3103 2736 2969 3085
1320 1377 1622 1002 963 1033 1454 826 463 320 587 857 1003 980 643 397 174 438 713 1230 861 1374 509 389 341 573 814 1637 1118 1178 1025 925 903 495 705 1621 2033 1123 1082 1081 755 1757 1355 2538 1970 2736 2888 1143 1223 981 1428 992 876 615 1468 1468 2307 0 1405 1793 263 1126 756 1056 1159 1060 1368 1846 744 937 1082 1417 2060 1015 1118 1250 2091 800 827 860 1130 1437 1884 2025 842 1026 2147 1028 964 2321 1812 2275 2370 1986 1862 2017 2472 2320 1969 2351 2635 2400 1886 2298 2653 2773 2088 1998 2779 2210 2774 2389 2397
2523 1927 1480 2386 1579 1104 1228 2503 1994 1568 1281 967 662 2656 2319 2073 1581 1342 944 351 725 289 2185 1754 1245 1146 802 444 712 386 2457 2290 1805 1428 1234 690 840 807 2514 1991 1407 2485 2057 3209 2596 3546 3243 2108 2089 2080 1710 2125 2060 1740 788 491 3983 1752 0 3469 1679 2802 2433 375 270 2736 401 653 873 888 554 507 867 972 668 738 998 1734 1256 1114 914 830 1014 1155 1745 1281 1277 1630 1500 1451 2744 1405 1500 2917 2794 2768 2978 2810 2671 1481 3077 2701 2512 3107 3155 2992 2714 2626 3153 2835 3722 3015 3023
2275 2833 3156 1891 2424 2566 2988 1551 1687 1965 2232 2681 2887 1063 1319 1530 1820 2083 2358 2875 2506 3020 1453 1762 1986 2139 2460 3283 2763 2824 973 1255 1762 2102 1995 3267 3678 2365 1241 1303 1579 1503 1755 2285 2316 2398 2615 2204 2323 2095 2885 2009 1973 2072 3001 3002 697 1695 3359 0 1778 899 1378 2701 2804 834 3013 3491 2390 2583 2727 3062 3706 2109 2764 2895 3736 1445 1815 1991 2217 2498 3530 3670 1424 1975 3792 1674 1774 3966 1559 3920 4016 1598 1666 1763 2218 2066 2156 3997 2381 2147 2231 2046 2619 2739 2464 2532 2599 2803 2436 2669 2786
1376 1433 1755 1058 1024 1166 1587 937 519 506 638 1024 1082 1091 656 410 189 439 791 1309 940 1453 443 171 292 445 844 1716 1147 1257 960 860 466 298 656 1700 2112 1153 1017 730 558 1496 1158 2473 1773 2671 2823 1199 1279 1037 1484 1048 932 671 1295 1294 2418 334 1483 1904 0 969 798 1135 1238 863 1447 1925 695 852 1161 1496 2139 966 1197 1329 2169 603 657 811 1081 1516 1963 2104 645 977 2226 831 767 2400 1747 2354 2449 1920 1797 1952 2407 2255 1772 2430 2569 2335 1689 2233 2588 2708 1891 1801 2713 2013 2709 2192 2200
1686 2240 2563 1301 1831 1974 2395 961 1097 1373 1640 2089 2295 334 630 928 1227 1490 1765 2283 1914 2427 617 927 1256 1409 1867 2690 2171 2231 562 778 926 1267 1514 2673 3086 1953 830 891 1168 1231 1344 2012 2044 2182 2362 2007 2087 1506 2292 1420 1383 1479 2409 2409 1805 1103 2766 1291 1021 0 542 2109 2212 260 2421 2899 1659 1816 2135 2470 3113 1727 2171 2303 3142 1033 1432 1580 1806 2086 2936 3077 1013 1563 3199 1263 1362 3373 1286 3327 3422 1459 1336 1491 1946 1794 1883 3403 2108 1874 1958 1772 2127 2247 2191 2260 2252 2313 2220 2492 2500
1589 1917 2240 1204 1508 1651 2072 864 1003 1050 1317 1766 1972 357 375 605 904 1167 1442 1960 1591 2104 294 604 933 1086 1544 2367 1848 1908 739 639 617 957 1205 2351 2763 1692 796 795 909 1471 1333 2252 2284 2450 2602 1684 1764 1521 1969 1323 1286 1156 2086 2086 1828 780 2443 1313 698 387 0 1786 1889 327 2098 2576 1336 1493 1812 2147 2790 1418 1848 1980 2820 794 1123 1257 1508 1788 2614 2755 851 1326 2877 1101 1177 3051 1526 3005 3100 1699 1576 1731 2186 2034 2123 3081 2348 2114 2198 2012 2367 2487 2431 2500 2492 2552 2488 2732 2740
2537 1988 1541 2240 1640 1166 1289 2234 1700 1342 1062 941 643 2388 2051 1805 1195 856 691 345 388 302 1898 1501 992 893 557 565 313 174 2204 2037 1552 1176 835 645 961 483 2261 1738 1008 2086 1658 2810 2197 3147 2844 2122 2202 2141 1772 2198 2091 1818 850 602 3715 1484 556 3201 1426 2534 2164 0 91 2365 303 774 620 489 230 352 988 573 344 414 1114 1481 857 715 590 619 907 1048 1346 882 1170 1231 1101 1344 2345 1298 1393 2518 2395 2369 2579 2411 2272 1374 2678 2302 2113 2708 2756 2593 2315 2227 2754 2437 3323 2616 2624
2678 2085 1637 2382 1736 1262 1386 2375 1842 1483 1203 1082 750 2529 2192 1946 1336 998 833 326 529 227 2040 1642 1133 1034 698 490 454 128 2345 2178 1693 1317 976 599 886 549 2402 1880 1149 2227 1799 2952 2338 3288 2986 2263 2343 2282 1868 2339 2232 1959 946 648 3856 1625 481 3342 1567 2675 2305 143 0 2506 257 699 761 630 296 306 914 714 410 480 1068 1622 999 856 656 573 861 1002 1487 1024 1124 1372 1243 1298 2487 1252 1347 2660 2536 2510 2720 2552 2413 1329 2820 2443 2254 2849 2897 2734 2457 2368 2896 2578 3464 2758 2765
1756 2152 2474 1372 1743 1885 2307 1031 1238 1284 1551 2000 1840 469 541 839 1138 1402 1550 2067 1698 2211 404 709 1050 1373 1602 2474 1951 2015 459 542 696 1037 1284 2466 2893 1746 685 684 960 1284 1171 2066 2097 2263 2416 1918 1998 1756 2204 1490 1454 1390 2320 2320 1403 1014 2242 889 803 277 453 1893 1996 0 2205 2683 1454 1610 1919 2183 2898 1490 1946 2080 2935 825 1196 1372 1598 1879 2728 2869 805 1356 2991 1055 1155 3165 1340 3119 3214 1513 1389 1544 1999 1847 1937 3196 2162 1927 2012 1825 2180 2300 2245 2313 2306 2366 2301 2546 2553
3069 2460 2012 2773 2111 1637 1761 2766 2233 1874 1594 1473 1202 2920 2583 2337 1727 1389 1224 701 920 348 2431 2033 1524 1425 1089 466 845 257 2736 2569 2084 1708 1154 344 658 637 2793 1959 1333 2347 1919 3072 2458 3408 3106 2654 2734 2673 2243 2730 2623 2350 1321 1023 4247 2016 705 3733 1958 3066 2696 534 437 2897 0 586 1152 1021 526 197 828 886 461 477 959 2013 1177 1020 920 540 752 893 1673 1223 1015 1492 1363 1189 2607 1143 1238 2780 2656 2630 2840 2672 2533 1220 2940 2563 2374 2969 3017 2854 2577 2486 3016 2698 3584 2878 2885
2956 2360 1913 2819 2011 1537 1661 2928 2427 2035 1714 1400 1095 3081 2744 2498 1889 1550 1385 732 1081 488 2592 2194 1685 1586 1250 152 1006 523 2897 2730 2246 1869 1528 297 217 1036 2954 2320 1723 2708 2280 3433 2819 3769 3467 2541 2522 2513 2143 2558 2493 2173 1221 924 4408 2177 626 3894 2119 3227 2858 687 564 3058 335 0 1313 1182 849 413 214 1266 727 743 345 2175 1551 1444 1153 773 351 483 2034 1456 601 1853 1724 775 2968 729 824 3141 3017 2991 3201 3033 2894 805 3301 2925 2735 3330 3378 3216 2938 2845 3377 3059 3945 3239 3246
2259 2009 1766 1963 1600 1260 1477 1956 1423 1064 915 877 783 2110 1773 1527 918 670 644 894 519 1038 1344 1083 523 308 229 1301 512 839 1824 1657 1172 601 328 1087 1514 449 1692 1164 559 1637 1209 2361 1748 2698 2395 1844 1924 1863 1865 1920 1813 1540 1075 1074 3437 1206 1068 2923 1178 2179 1830 720 822 1985 958 1510 0 208 620 882 1765 188 645 779 1556 914 408 266 317 673 1350 1491 897 433 1613 782 652 1787 1896 1740 1836 2070 1946 1920 2130 1962 1823 1817 2229 1853 1664 2259 2307 2144 1866 1778 2305 1988 2874 2167 2175
2361 1982 1740 2065 1573 1233 1451 2059 1525 1166 994 950 757 2212 1875 1629 1020 772 731 739 418 897 1741 1355 741 525 255 1159 347 671 1868 1759 1349 859 529 920 1347 320 1835 1308 702 1780 1352 2505 1891 2841 2539 1946 2026 1965 1839 2022 1916 1643 1048 855 3539 1308 914 3025 1280 2358 1989 578 681 2087 791 1368 255 0 455 714 1598 267 477 611 1389 1058 552 409 381 485 1182 1323 1040 577 1445 925 796 1619 2040 1573 1668 2213 2089 2063 2273 2105 1966 1650 2373 1997 1807 2402 2450 2288 2010 1921 2449 2131 3017 2311 2318
2579 2089 1772 2282 1653 1266 1483 2276 1743 1384 1104 983 789 2430 2093 1847 1237 898 734 645 430 591 1941 1543 1034 935 552 854 294 286 2246 2079 1594 1131 801 534 962 259 2060 1580 955 1969 1541 2693 2080 3030 2727 2164 2244 2183 1872 2240 2133 1860 1081 902 3757 1526 845 3243 1468 2576 2206 347 376 2407 406 1063 573 484 0 329 1212 508 118 214 1003 1310 823 642 424 396 797 938 1295 741 1060 1114 984 1234 2228 1188 1283 2401 2278 2252 2462 2294 2155 1264 2561 2185 1996 2591 2639 2476 2198 2108 2637 2320 3206 2499 2507
3162 2553 2105 2866 2204 1730 1853 2859 2326 1967 1687 1566 1295 3013 2676 2430 1820 1482 1317 794 1013 550 2524 2126 1617 1518 1027 638 769 307 2576 2476 2065 1626 1296 367 794 731 2495 2016 1419 2404 1976 3129 2515 3465 3162 2747 2827 2766 2336 2823 2716 2443 1414 1116 4340 2109 999 3826 2051 3159 2789 627 530 2804 241 800 1034 959 568 0 1044 1029 503 519 836 1774 1259 1140 849 469 629 770 1730 1152 892 1549 1420 1066 2663 1020 1115 2837 2713 2687 2897 2729 2590 1097 2997 2620 2431 3026 3074 2911 2633 2541 3073 2755 3641 2935 2942
3348 2751 2304 3210 2403 1928 2052 3319 2818 2426 2105 1791 1486 3472 3135 2890 2280 1941 1776 1123 1472 879 2983 2586 2076 1978 1720 544 1461 1039 3202 3102 2692 2253 1923 680 275 1358 3121 2642 2045 3031 2602 3755 3141 4091 3789 2932 2913 2904 2534 2949 2884 2564 1613 1315 4799 2568 1017 4285 2510 3619 3275 1078 955 3430 739 391 1804 1739 1229 873 0 1655 1185 1201 161 2401 1885 1767 1476 1095 304 363 2356 1778 541 2176 2046 715 3290 668 764 3463 3339 3314 3523 3355 3216 745 3623 3247 3057 3652 3701 3538 3260 3168 3699 3381 4267 3561 3569
2502 2252 1958 2206 1843 1452 1670 2252 1666 1307 1184 1169 975 2024 2069 1823 1160 913 872 1116 712 1169 1663 1227 753 533 421 1432 583 769 1641 1532 1121 632 302 1018 1445 375 1608 1081 475 1553 1125 2278 1664 2614 2312 2087 2167 2106 2058 2163 2056 1783 1267 1266 3495 1502 1291 2981 1411 2054 1704 839 954 1860 889 1451 229 429 665 812 1696 0 575 709 1487 830 325 182 237 549 1280 1421 813 350 1543 698 569 1717 1813 1671 1766 1986 1862 1836 2046 1878 1739 1748 2146 1769 1580 2175 2223 2060 1783 1694 2222 1904 2790 2084 2091
2777 2287 1970 2480 1851 1464 1681 2474 1941 1582 1302 1181 987 2628 2291 2045 1435 1096 932 899 628 735 2138 1741 1232 947 698 823 440 306 2178 2049 1638 1143 813 560 988 254 2097 1617 992 2006 1578 2730 2117 3067 2764 2362 2442 2381 2070 2438 2331 2058 1279 1156 3955 1724 1098 3441 1666 2774 2404 601 630 2377 426 994 677 630 239 355 1238 545 0 161 1030 1347 835 679 399 422 823 964 1332 716 1086 1151 1021 1260 2265 1214 1309 2439 2315 2289 2499 2331 2192 1290 2598 2222 2033 2628 2676 2513 2235 2106 2674 2357 3243 2536 2544
2865 2374 2058 2568 1939 1551 1769 2562 2028 1669 1389 1269 1075 2715 2378 2133 1523 1184 1019 928 715 764 2226 1829 1319 1049 772 853 513 336 2288 2159 1749 1254 924 590 1017 373 2207 1728 1102 2117 1688 2841 2227 3177 2875 2449 2529 2468 2157 2525 2419 2146 1367 1186 4042 1811 1128 3528 1753 2862 2332 630 659 2487 455 1024 778 704 281 384 1268 655 175 0 1059 1458 946 790 518 451 853 994 1442 835 1115 1262 1132 1289 2376 1243 1339 2549 2425 2400 2609 2441 2302 1320 2709 2333 2143 2738 2787 2624 2346 2256 2785 2467 3353 2647 2655
3731 3241 2822 3435 2805 2418 2570 3428 2895 2536 2256 2135 1941 3582 3245 2999 2389 2051 1886 1511 1582 1114 3093 2695 2186 1990 1635 857 1377 954 3118 3018 2607 2168 1838 596 322 1273 3037 2558 1961 2946 2518 3671 3057 4007 3704 3316 3396 3335 3024 3392 3285 3012 2131 1629 4909 2678 1331 4395 2620 3540 3190 1344 1247 3346 831 655 1720 1654 1144 789 309 1571 1100 1116 0 2316 1801 1682 1391 1011 195 202 2272 1694 432 2091 1962 606 3205 560 655 3379 3255 3229 3439 3271 3132 637 3539 3162 2973 3568 3616 3453 3175 3083 3615 3297 4183 3477 3484
2378 2157 2361 1993 1748 1699 1892 1653 1668 1213 1180 1360 1418 1288 1170 1330 881 901 1127 1645 1276 1707 926 812 521 712 1166 1970 1121 1329 839 796 385 358 546 1617 2044 934 841 313 172 1030 692 1834 1386 2185 2033 1992 2073 2186 2209 2198 2082 1821 1631 1630 2759 1115 1819 2244 857 1318 968 1377 1492 1124 1449 2051 759 967 1203 1372 2295 659 1135 1269 2086 0 365 499 750 1030 1880 2021 178 568 2143 365 417 2317 1261 2270 2366 1434 1311 1313 1551 1346 1306 2347 1650 1384 1302 1747 2102 1782 1504 1414 2074 1625 2223 1805 1813
2490 2240 2291 2288 1831 1673 1866 2112 1748 1295 1188 1333 1249 1781 1662 1682 1049 909 1101 1355 1077 1409 1419 1099 612 505 694 1671 822 1030 1366 1288 878 315 216 1326 1753 636 1254 806 175 1281 822 2085 1387 2341 2035 2075 2155 2094 2292 2151 2162 1771 1540 1539 3251 1361 1530 2737 1270 1811 1461 1078 1193 1616 1150 1759 461 668 904 1073 2004 361 836 970 1795 624 0 200 458 739 1588 1729 495 277 1851 396 379 2025 1540 1979 2074 1713 1589 1564 1743 1575 1436 2056 1843 1493 1303 1902 1947 1784 1506 1416 1945 1627 2518 1807 1815
2524 2274 2114 2335 1865 1674 1867 2159 1795 1329 1243 1335 1131 1924 1975 1729 1097 913 1102 1237 959 1291 1563 1133 660 509 576 1553 704 868 1541 1432 1022 538 208 1200 1627 474 1508 981 375 1427 999 2152 1538 2488 2186 2109 2189 2128 2255 2185 2209 1806 1422 1422 3395 1408 1412 2881 1317 1954 1605 960 1075 1760 988 1633 343 550 786 911 1878 243 675 808 1669 731 231 0 332 613 1463 1603 753 219 1725 572 443 1899 1687 1853 1949 1860 1736 1710 1920 1752 1613 1930 2020 1644 1454 2049 2097 1935 1657 1562 2096 1778 2664 1958 1965
2702 2451 2212 2405 2042 1706 1923 2418 1866 1507 1384 1423 1229 2168 2235 1989 1360 1112 1071 1172 901 1122 1806 1393 919 733 666 1385 646 733 1805 1676 1265 798 468 1084 1512 305 1724 1244 619 1633 1205 2357 1744 2694 2391 2287 2367 2306 2312 2363 2256 1983 1521 1337 3639 1668 1375 3125 1577 2198 1848 874 907 2004 853 1518 429 492 556 776 1762 241 539 612 1553 974 490 306 0 498 1347 1488 959 405 1610 778 648 1784 1892 1738 1833 2065 1942 1916 2126 1958 1819 1814 2225 1849 1660 2255 2303 2140 1862 1772 2301 1984 2870 2163 2171
2938 2563 2247 2642 2127 1740 1958 2636 2102 1743 1578 1457 1264 2507 2452 2206 1597 1373 1208 1141 904 897 2146 1760 1286 987 844 978 615 508 2115 2015 1605 1165 835 593 1020 271 2034 1555 958 1943 1515 2668 2054 3004 2702 2523 2603 2542 2346 2599 2492 2220 1555 1464 3978 1885 1346 3464 1942 2537 2188 975 877 2343 588 1026 717 651 557 469 1271 579 443 529 1062 1314 798 679 388 0 855 996 1269 691 1118 1088 959 1292 2203 1246 1341 2376 2252 2226 2436 2268 2129 1323 2536 2160 1970 2565 2613 2450 2173 2080 2612 2294 3180 2474 2481
3591 3101 2683 3295 2666 2278 2431 3289 2755 2396 2116 1996 1802 3442 3105 2859 2250 1911 1746 1371 1442 974 2953 2555 2046 1851 1496 842 1237 814 2978 2878 2468 2028 1698 456 331 1134 2897 2418 1821 2806 2378 3531 2917 3867 3565 3176 3256 3195 2884 3252 3146 2873 1991 1694 4769 2538 1315 4255 2480 3400 3051 1205 1107 3206 691 889 1580 1515 1004 649 479 1431 961 976 249 2177 1661 1543 1251 871 0 208 2132 1554 326 1951 1822 500 3066 454 550 3239 3115 3089 3299 3131 2992 531 3399 3023 2833 3428 3477 3314 3036 2943 3475 3157 4043 3337 3345
3666 3176 2757 3370 2740 2353 2506 3363 2830 2471 2191 2070 1876 3517 3180 2934 2324 1986 1821 1446 1517 1049 3028 2630 2121 1925 1570 916 1312 889 3053 2953 2542 2103 1773 531 467 1209 2972 2493 1896 2881 2453 3606 2992 3942 3639 3251 3331 3270 2959 3327 3220 2947 2066 1768 4844 2613 1390 4330 2555 3475 3125 1279 1182 3281 766 964 1655 1589 1079 724 475 1506 1035 1051 166 2251 1736 1617 1326 946 181 0 2207 1629 225 2026 1897 399 3141 353 448 3314 3190 3164 3374 3206 3067 430 3474 3097 2908 3503 3551 3388 3110 3018 3550 3232 4118 3412 3419
2447 2246 2449 2100 1837 1788 1981 1760 1590 1301 1269 1448 1507 1394 1276 1436 969 990 1216 1679 1364 1733 1033 900 609 834 1018 1995 1146 1335 872 740 580 447 571 1661 2088 941 839 312 155 854 516 1659 1271 1915 1919 2081 2161 2108 2298 2119 2004 1742 1719 1718 2865 1203 1854 2351 946 1424 1075 1402 1517 1199 1455 2094 785 992 1158 1378 2339 685 1141 1275 2130 216 391 567 793 1074 1923 2064 0 551 2186 250 350 2360 1114 2314 2409 1287 1163 1137 1375 1170 1130 2391 1475 1209 1187 1476 1832 1667 1390 1299 1899 1511 2221 1691 1698
2737 2486 2322 2547 2077 1882 2075 2371 2007 1542 1451 1543 1339 2074 1955 1942 1309 1125 1310 1399 1121 1452 1712 1377 872 722 785 1715 866 1027 1551 1420 1156 600 421 1293 1721 632 1471 991 462 1380 952 2104 1490 2440 2138 2321 2402 2340 2464 2398 2421 2018 1631 1630 3544 1621 1573 3030 1529 2104 1754 1122 1237 1878 1147 1727 551 712 850 1170 1971 452 833 967 1762 891 349 265 426 706 1556 1697 705 0 1819 525 395 1993 1639 1946 2042 1812 1688 1663 1872 1704 1565 2023 1972 1596 1407 2001 2050 1887 1609 1517 2048 1730 2617 1910 1918
3830 3340 2921 3533 2904 2517 2669 3527 2994 2635 2355 2234 2040 3681 3344 3098 2488 2150 1985 1610 1681 1213 3192 2794 2285 2089 1734 1080 1476 1053 3217 3117 2706 2267 1937 694 602 1372 3136 2656 2060 3045 2617 3769 3156 4106 3803 3415 3495 3434 3123 3491 3384 3111 2230 1932 5008 2777 1554 4494 2719 3639 3289 1443 1346 3445 930 1128 1819 1753 1243 888 732 1670 1199 1215 388 2415 1899 1781 1490 1110 322 232 2371 1792 0 2190 2061 159 3304 277 306 3478 3354 3328 3538 3370 3231 354 3638 3261 3072 3667 3715 3552 3274 3182 3714 3396 4282 3575 3583
2807 2446 2656 2422 2037 2038 2230 2082 1909 1502 1553 1698 1756 1717 1599 1759 1272 1273 1465 1652 1374 1705 1355 1219 835 870 1035 1968 1119 1280 1195 1063 902 465 607 1605 2033 885 1114 634 200 943 448 1496 1077 2004 1724 2282 2362 2301 2498 2358 2322 1978 1969 1968 3188 1522 1826 2674 1265 1747 1397 1375 1490 1522 1400 2039 801 965 1103 1323 2283 702 1086 1220 2075 534 446 512 738 1019 1868 2009 349 495 2131 0 294 2305 1202 2259 2354 1376 1252 1226 1281 1046 907 2335 1365 985 993 1565 1636 1473 1195 1105 1635 1317 2012 1496 1504
2768 2517 2727 2581 2108 2108 2301 2183 2041 1573 1623 1769 1551 1818 1700 1860 1343 1344 1536 1614 1336 1667 1456 1320 906 941 997 1930 1081 1242 1295 1164 1003 561 678 1567 1995 847 1215 735 293 1124 696 1848 1234 2184 1882 2352 2433 2371 2569 2429 2455 2049 1843 1842 3289 1655 1788 2774 1563 1848 1498 1337 1452 1623 1362 2001 763 927 1065 1285 2245 664 1048 1182 2036 635 428 474 700 980 1830 1971 449 457 2093 269 0 2267 1383 2220 2316 1556 1433 1407 1617 1448 1310 2297 1716 1340 1151 1746 1794 1631 1353 1263 1792 1474 2361 1654 1662
3950 3460 3042 3654 3025 2637 2790 3648 3114 2755 2475 2355 2161 3801 3464 3219 2609 2270 2105 1730 1801 1333 3312 2915 2405 2210 1855 1201 1596 1173 3337 3237 2827 2387 2057 815 723 1493 3256 2777 2180 3165 2737 3890 3276 4226 3924 3535 3615 3554 3243 3611 3505 3232 2350 2053 5128 2897 1674 4614 2839 3760 3410 1564 1466 3565 1050 1249 1939 1874 1363 1008 853 1790 1320 1335 508 2536 2020 1902 1611 1230 443 352 2491 1913 159 2310 2181 0 3425 262 237 3598 3474 3448 3658 3490 3351 339 3758 3382 3192 3787 3836 3673 3395 3303 3834 3516 4402 3696 3704
2749 2953 3276 2364 2544 2687 3108 2024 2040 2016 2283 2214 2272 1659 1541 1701 1754 1790 1982 2165 2130 2218 1297 1398 1178 1386 1548 2481 1632 1793 846 991 1145 1016 1123 2118 2546 1398 515 748 716 182 496 825 885 1009 1160 2720 2800 2558 3005 2569 2453 2192 2485 2484 2304 1746 2339 1471 1610 1202 1339 1888 2003 1194 1913 2552 1314 1478 1616 1836 2796 1215 1599 1733 2588 853 942 1025 1251 1532 2381 2522 569 1008 2644 598 807 2818 0 2772 2867 246 141 332 787 635 724 2848 949 715 799 570 925 1045 1032 1101 1043 1154 1382 1185 1341
4006 3515 3097 3709 3080 2693 2845 3703 3169 2810 2530 2410 2216 3856 3519 3274 2664 2325 2160 1785 1856 1388 3367 2970 2460 2265 1910 1256 1651 1229 3392 3292 2882 2443 2113 870 778 1548 3311 2832 2235 3221 2792 3945 3331 4281 3979 3590 3670 3609 3298 3666 3560 3287 2406 2108 5183 2952 1729 4669 2894 3815 3465 1619 1521 3620 1105 1304 1994 1929 1419 1063 908 1845 1375 1391 563 2591 2075 1957 1666 1285 498 408 2546 1968 304 2366 2236 289 3480 0 200 3653 3529 3504 3713 3545 3406 116 3813 3437 3247 3842 3891 3728 3450 3358 3889 3571 4457 3751 3759
4047 3557 3138 3751 3121 2734 2886 3744 3211 2852 2572 2451 2257 3898 3561 3315 2705 2367 2202 1827 1898 1430 3409 3011 2502 2306 1951 1297 1693 1270 3434 3334 2923 2484 2154 912 819 1589 3353 2873 2277 3262 2834 3987 3373 4323 4020 3632 3712 3651 3340 3708 3601 3328 2447 2149 5225 2994 1771 4711 2936 3856 3506 1660 1563 3662 1147 1345 2036 1970 1460 1105 950 1887 1416 1432 605 2632 2117 1998 1707 1327 539 449 2588 2009 370 2407 2278 243 3521 163 0 3695 3571 3545 3755 3587 3448 221 3855 3478 3289 3884 3932 3769 3491 3399 3931 3613 4499 3793 3800
2759 2963 3286 2374 2554 2696 3118 2034 2049 2025 2292 2303 2361 1669 1550 1711 1764 1878 2070 2253 2218 2307 1307 1408 1267 1475 1637 2570 1720 1882 855 1000 1155 1104 1211 2207 2634 1487 524 758 804 271 584 808 973 1105 1078 2729 2809 2567 3015 2578 2463 2202 2574 2573 2048 1755 2428 1568 1619 1212 1349 1976 2091 1203 2001 2641 1403 1567 1705 1924 2885 1303 1688 1822 2676 863 1031 1114 1340 1620 2470 2611 657 1097 2732 687 896 2906 170 2860 2956 0 143 386 875 723 813 2937 896 804 888 534 843 963 1121 1190 961 1242 1143 1103 1328
2749 2954 3276 2365 2545 2687 3109 2024 2040 2016 2283 2244 2302 1659 1541 1701 1754 1819 2011 2195 2159 2248 1298 1398 1208 1416 1578 2511 1662 1823 846 991 1145 1045 1153 2148 2575 1428 515 749 745 212 506 684 894 879 1031 2720 2800 2558 3006 2569 2454 2192 2515 2514 2232 1746 2369 1471 1610 1202 1339 1918 2032 1194 1942 2582 1344 1508 1646 1866 2826 1244 1629 1763 2617 854 972 1055 1281 1561 2411 2552 598 1038 2673 608 837 2848 127 2801 2897 206 0 257 796 644 734 2878 772 725 809 440 796 916 1042 1111 914 1163 1056 1056 1281
2930 3135 3458 2546 2726 2868 2777 2206 2221 2197 2099 2245 2303 1840 1722 1883 1936 1820 2012 2087 1809 2141 1479 1580 1209 1417 1471 2404 1554 1715 1027 1172 1327 1046 1153 2041 2468 1321 696 930 746 212 347 521 736 778 899 2901 2981 2739 3187 2750 2635 2374 2515 2515 2485 1927 2262 1652 1791 1384 1521 1810 1925 1375 1835 2475 1237 1401 1538 1758 2719 1137 1522 1655 2510 832 973 948 1174 1454 2304 2444 599 931 2566 450 730 2740 199 2694 2790 396 181 0 638 486 576 2771 610 567 651 339 694 750 884 953 762 1005 954 903 1193
3145 3350 3218 2761 2941 2600 2793 2420 2436 1916 2115 2260 2318 2055 1937 2097 1584 1836 2028 2137 1859 2190 1694 1794 1224 1432 1520 2453 1604 1765 1242 1387 1160 1062 1169 2091 2518 1371 911 823 762 372 397 395 472 773 773 3116 3196 2954 3402 2965 2850 2588 2531 2530 2700 2142 2312 1867 2006 1598 1735 1860 1975 1590 1885 2524 1286 1450 1588 1808 2769 1187 1571 1705 2560 847 989 997 1223 1504 2353 2494 615 981 2616 499 780 2790 524 2744 2839 697 533 449 0 222 312 2821 243 302 387 719 579 566 620 688 635 741 901 777 928
3119 2806 3074 2735 2397 2456 2648 2394 2410 1861 1971 2116 2174 2029 1911 2071 1529 1692 1884 2078 1800 2131 1668 1551 1169 1288 1461 2394 1545 1706 1216 1361 1105 1007 1025 2032 2459 1311 885 767 707 346 308 451 349 841 822 3090 3170 2928 2858 2939 2824 2562 2387 2386 2674 2116 2253 1841 1980 1572 1709 1801 1916 1564 1826 2465 1227 1391 1529 1749 2709 1128 1512 1646 2501 792 873 938 1164 1445 2294 2435 560 921 2557 424 721 2731 497 2685 2780 671 507 423 348 0 189 2761 319 179 263 762 633 600 496 565 684 618 969 797 805
3017 2879 3088 2633 2470 2470 2663 2292 2308 1934 1985 2130 2188 1927 1809 1969 1536 1706 1898 2036 1758 2089 1566 1558 1176 1302 1419 2352 1503 1664 1391 1204 1112 897 1039 1990 2417 1270 1060 775 632 521 266 581 246 943 923 2714 2794 2826 2931 2837 2722 2460 2401 2400 2849 1770 2211 2016 1513 1747 1607 1759 1874 1739 1784 2423 1185 1349 1487 1707 2668 1086 1470 1604 2459 799 859 896 1122 1403 2252 2393 567 880 2515 382 728 2689 673 2643 2738 846 682 598 523 278 0 2720 597 76 119 937 730 567 394 420 760 515 1071 695 702
4112 3621 3203 3815 3186 2799 2951 3809 3276 2917 2637 2516 2322 3963 3626 3380 2770 2431 2267 1892 1963 1495 3473 3076 2567 2371 2016 1362 1758 1335 3499 3399 2988 2549 2219 976 884 1654 3418 2938 2342 3327 2899 4051 3438 4388 4085 3697 3777 3716 3405 3773 3666 3393 2512 2214 5290 3059 1835 4776 3001 3921 3571 1725 1628 3727 1212 1410 2101 2035 1525 1170 1014 1952 1481 1497 670 2697 2181 2063 1772 1392 604 514 2653 2074 411 2472 2342 396 3586 157 289 3760 3636 3610 3820 3652 3513 0 3919 3543 3354 3949 3997 3834 3556 3464 3995 3678 4564 3857 3865
3258 3463 3786 2874 3054 2697 2890 2534 2549 2013 2212 2358 2416 2168 2050 2210 1682 1933 2125 2234 1956 2288 1807 1907 1322 1530 1618 2551 1701 1862 1355 1500 1258 1159 1266 2188 2615 1468 1024 920 859 498 473 203 383 581 581 3229 3309 3067 3515 3078 2963 2702 2628 2628 2813 2255 2409 1980 2119 1711 1849 1957 2072 1703 1982 2621 1384 1548 1685 1905 2866 1284 1669 1802 2657 945 1086 1094 1320 1601 2451 2591 712 1078 2713 590 877 2887 527 2841 2937 675 480 328 221 165 354 2918 0 345 429 527 388 397 508 609 443 629 709 585 810
3259 2927 3137 2874 2518 2518 2711 2534 2549 1982 2033 2179 2237 2169 2050 2211 1753 1754 1946 2117 1839 2171 1807 1637 1316 1351 1501 2434 1584 1745 1355 1500 1191 945 1087 2071 2498 1351 1024 853 680 486 344 500 165 862 842 2762 2842 3067 2979 3078 2963 2702 2449 2449 2813 2255 2292 1980 2119 1712 1849 1840 1955 1703 1865 2505 1267 1431 1569 1788 2749 1167 1552 1685 2540 878 907 978 1204 1484 2334 2474 645 961 2596 461 777 2770 637 2724 2820 810 646 563 487 242 77 2801 561 0 167 901 650 487 313 391 679 434 990 614 622
3078 2827 3037 2824 2418 2418 2611 2483 2351 1882 1933 2079 2137 2118 2000 2160 1653 1654 1846 2017 1739 2071 1757 1636 1216 1251 1401 2334 1484 1646 1554 1395 1303 846 988 1971 2398 1251 1223 965 580 684 457 663 225 1007 931 2662 2742 2681 2879 2738 2765 2359 2350 2349 3012 1964 2192 2179 1681 1910 1798 1740 1855 1902 1765 2405 1167 1331 1469 1688 2649 1067 1452 1586 2440 951 807 878 1104 1384 2234 2375 765 861 2496 494 677 2670 835 2624 2720 1009 845 761 686 441 198 2701 760 254 0 1100 794 631 402 329 842 524 1219 703 711
3272 3477 3799 2888 3068 3210 3632 2547 2563 2539 2616 2761 2819 2182 2064 2224 2277 2337 2529 2604 2326 2657 1821 1921 1725 1933 1987 2920 2071 2232 1369 1514 1668 1563 1670 2558 2985 1838 1038 1272 1263 729 864 548 729 568 797 3243 3323 3081 3529 3092 2977 2715 3032 3031 2548 2269 2779 2068 2133 1725 1862 2327 2442 1717 2352 2991 1753 1917 2055 2275 3236 1654 2038 2172 3027 1376 1490 1464 1690 1971 2820 2961 1116 1448 3083 966 1247 3257 663 3211 3306 631 536 517 971 898 950 3288 801 868 957 0 561 681 784 923 680 840 723 822 1046
3460 3665 3987 3075 3255 3398 3025 2735 2751 2297 2347 2493 2551 2370 2252 2412 2465 2068 2260 2432 2154 2485 2008 2109 1630 1665 1815 2748 1899 2060 1557 1702 1856 1260 1402 2385 2813 1665 1226 1459 995 742 877 205 367 267 241 3431 3511 3269 3716 3280 3164 2903 2764 2763 3024 2457 2606 2544 2321 1913 2050 2155 2270 1905 2180 2819 1581 1745 1883 2103 3063 1482 1866 2000 2854 1361 1221 1292 1518 1798 2648 2789 1129 1275 2911 908 1091 3085 728 3038 3134 877 682 529 687 609 638 3115 516 557 595 436 0 120 265 438 103 278 395 245 470
3579 3132 3342 3194 2723 2724 2916 2854 2869 2188 2239 2384 2442 2489 2371 2531 1958 1959 2151 2323 2045 2376 2127 2228 1521 1556 1706 2639 1790 1951 1676 1821 1624 1151 1293 2276 2704 1556 1345 1305 886 861 797 327 259 441 341 2967 3048 3387 3184 3399 3283 3022 2655 2654 3198 2270 2497 2718 2440 2032 2169 2046 2161 2024 2071 2710 1472 1636 1774 1994 2954 1373 1757 1891 2745 1256 1112 1183 1409 1689 2539 2680 1070 1166 2802 799 982 2976 847 2929 3025 995 801 648 729 631 529 3006 583 448 486 584 174 0 156 360 203 253 525 271 406
3299 3049 3258 3061 2640 2640 2833 2720 2573 2104 2155 2300 2358 2355 2237 2397 1874 1876 2068 2239 1961 2292 1994 1857 1437 1472 1622 2555 1706 1867 1790 1701 1540 1067 1209 2193 2620 1473 1459 1273 802 920 847 567 175 719 529 2884 2964 2903 3101 2960 2987 2580 2571 2570 3248 2186 2414 2415 1903 2146 2035 1962 2077 2138 1987 2626 1388 1552 1690 1910 2871 1289 1673 1807 2662 1172 1029 1099 1325 1606 2455 2596 987 1083 2718 715 898 2892 1072 2846 2941 1245 1081 863 922 677 578 2923 815 430 403 802 455 292 0 204 439 121 817 301 309
3508 3258 3467 3321 2848 2849 3041 2873 2782 2313 2364 2509 2298 2508 2390 2550 2083 2085 2277 2405 2127 2458 2146 2010 1646 1681 1744 2721 1872 1988 2104 1854 1693 1301 1376 2281 2709 1593 1773 1425 1033 1234 1028 962 445 1048 806 3093 3173 3112 3309 3169 3195 2789 2590 2589 3562 2395 2579 2729 2304 2460 2188 2128 2243 2452 2108 2715 1510 1718 1811 2031 2959 1411 1794 1928 2751 1325 1168 1220 1414 1695 2544 2685 1140 1179 2807 868 854 2981 1385 2935 3030 1559 1395 1311 1236 991 748 3011 1144 726 572 1198 888 744 452 0 768 353 1094 578 572
3576 3781 4104 3192 3372 2942 3135 2852 2867 2406 2457 2603 2661 2486 2368 2528 2177 2178 2370 2541 2263 2595 2125 2225 1740 1774 1924 2857 2008 2169 1673 1818 1973 1369 1511 2495 2922 1775 1342 1576 1104 858 993 325 477 325 137 3547 3627 3385 3833 3396 3281 3020 2873 2873 3026 2573 2716 2546 2437 2029 2167 2264 2379 2021 2289 2928 1691 1854 1992 2212 3173 1591 1976 2109 2964 1478 1331 1401 1627 1908 2758 2898 1245 1385 3020 1018 1201 3194 845 3148 3244 993 798 646 806 727 736 3225 636 655 705 581 171 218 302 411 0 252 370 141 365
3495 3245 3454 3257 2836 2836 3029 2917 2769 2300 2351 2496 2555 2551 2433 2593 2070 2072 2264 2435 2157 2489 2190 2053 1633 1668 1818 2751 1902 2063 1986 1897 1736 1263 1405 2389 2816 1669 1655 1469 998 1116 1043 751 371 717 527 3080 3160 3099 3297 3156 3183 2776 2767 2766 3544 2382 2610 2611 2099 2342 2232 2158 2273 2334 2183 2822 1585 1748 1886 2106 3067 1485 1869 2003 2858 1369 1225 1295 1521 1802 2651 2792 1183 1279 2914 911 1095 3088 1268 3042 3137 1441 1277 1059 1118 873 774 3119 1001 627 599 986 557 476 196 181 437 0 814 299 306
3710 3914 4237 3325 3505 3647 3556 2985 3000 2976 2878 3024 3082 2620 2501 2662 2715 2599 2791 2830 2552 2884 2258 2359 1988 2196 2214 3147 2297 2459 1806 1952 2106 1825 1933 2784 3211 2064 1476 1709 1525 992 1126 525 766 167 282 3680 3760 3518 3966 3529 3414 3153 3295 3294 2832 2706 3005 2352 2570 2163 2300 2553 2668 2154 2578 3218 1980 2144 2282 2501 3462 1880 2265 2399 3253 1611 1752 1691 1917 2197 3047 3188 1378 1674 3309 1229 1490 3483 978 3437 3533 1156 931 779 1006 928 964 3514 836 883 994 505 387 507 591 693 360 541 0 349 536
3557 3306 3516 3318 2897 2898 3090 2978 2831 2362 2413 2558 2616 2613 2495 2655 2132 2133 2325 2497 2219 2550 2251 2115 1695 1730 1880 2813 1964 2125 1923 2068 1798 1325 1467 2450 2878 1730 1592 1530 1060 1178 1105 574 433 539 246 3142 3222 3161 3358 3218 3244 2838 2829 2828 3204 2444 2671 2724 2161 2279 2293 2220 2335 2271 2245 2884 1646 1810 1948 2168 3128 1547 1931 2065 2920 1430 1286 1357 1583 1864 2713 2854 1245 1340 2976 973 1156 3150 1094 3104 3199 1243 1048 895 1056 935 836 3180 885 688 660 831 421 383 258 359 249 208 534 0 240
3674 3423 3633 3435 3014 3015 3207 3095 2948 2479 2530 2675 2733 2730 2612 2772 2249 2251 2443 2614 2336 2667 2368 2232 1812 1847 1997 2930 2081 2242 2165 2076 1915 1442 1584 2567 2995 1847 1834 1647 1177 1295 1222 913 550 878 501 3259 3339 3278 3475 3335 3361 2955 2946 2945 3369 2561 2788 2889 2278 2521 2410 2337 2452 2513 2362 3001 1763 1927 2065 2285 3245 1664 2048 2182 3037 1547 1403 1474 1700 1981 2830 2971 1362 1457 3093 1090 1273 3267 1446 3221 3316 1689 1456 1234 1297 1052 953 3297 1179 805 777 1209 760 655 375 431 588 325 802 323 0