0 1750 1776 920 1491 2050 1961 1149 1063 1679 2154 2037 2212 2261 2201 2015 1352 2042 2176 3249 2504 2690 2257 2185 1860 2103 2786 2722 3214 3290 2898 2656 2157 2360 2320 3683 3230 2909 2560 3093 2634 3230 3689 4056 3328 4327 4202 1230 1249 924 1412 1046 1065 1590 2174 2467 2657 1606 2459 2722 1748 2964 2402 3148 3028 2856 3707 2766 2746 2809 2976 3453 2973 2367 3074 3330 3181 2644 2344 2334 2802 3663 3164 3291 2614 2551 3005 3010 3028 2974 2988 3196 3153 3575 3196 3072 3622 3301 3721 3332 4063 3656 3483 4205 3994 4368 3490 3740 4037 3548 4093 3808 3816
1800 0 1109 1276 956 1383 1294 1386 1616 1327 1318 1370 1411 2310 2494 1842 1668 1300 1509 2897 2113 2013 2079 2234 1975 1538 2082 2105 2570 3006 2671 2429 3116 2615 1897 3585 2775 2785 2333 3422 2284 3500 3910 3963 3917 4234 4109 918 908 1056 797 1412 1619 1635 1513 1806 2894 1594 1782 2959 1975 2745 2695 2481 2995 2637 2476 2311 2306 2325 2691 3169 2517 1886 2789 3046 2725 2688 2414 2448 2837 3456 2709 2836 2658 2710 2306 3599 3713 2273 3013 2495 2452 3600 3221 3097 3647 3326 4534 2631 4011 3681 4072 4123 3901 4356 4079 4329 3944 4137 4000 4397 4405
1848 1075 0 1324 936 1066 966 1434 1421 1489 1025 583 844 2394 2486 1695 1938 1576 1181 1793 1136 1783 1938 2377 2444 1809 1455 1854 1736 2189 2675 2433 2312 2009 1792 2120 2165 1597 2099 2484 1717 2623 2981 2868 2560 3139 3014 966 921 1104 617 1460 1667 1279 1307 1600 2942 1401 1552 3007 2146 2974 2687 1586 1908 3268 1941 1701 1635 1718 1874 1884 1907 1319 1972 2224 2115 1902 1307 1424 1327 2493 2099 2226 2396 1704 1978 2242 2260 1945 2434 2154 2111 3021 2642 2493 3585 3264 3550 2290 2916 2976 2715 3185 2806 3261 2722 2972 2849 2780 2905 3040 3048
974 1376 1402 0 1117 1676 1587 535 794 1457 2195 1663 2013 1780 1872 1454 1083 2179 1802 3278 2406 2510 2343 1810 1591 2416 2583 2542 2863 3297 2892 2387 2663 1773 2775 3476 3292 2640 2291 2848 2365 2961 3420 4376 3059 3833 4522 740 875 565 1038 748 825 1272 1994 2287 2043 1284 2279 2108 1314 1889 2024 2774 2848 2597 3297 2828 2477 2540 2982 2795 3035 2098 3081 3114 2723 2797 2075 2065 2595 3525 3226 3353 2345 2282 2520 2741 2759 2794 2719 3016 2973 3306 2927 2803 3353 3032 3452 3152 4424 3387 3214 3660 4314 4769 3221 3471 4357 3279 4413 3539 3547
1720 963 805 1196 0 878 1278 1306 933 821 692 656 1121 1954 2000 1203 1165 791 1493 1538 1209 1308 1443 1753 1559 1028 1599 1380 2137 2291 2187 1945 2414 2190 1385 1969 1778 2718 1825 2239 2304 2436 3097 2849 3201 3120 2995 811 727 976 729 1332 1161 787 809 1102 2814 912 1077 2819 1421 2525 1832 1825 1646 2417 1790 1313 1590 2147 1976 2023 1522 2456 2074 2330 1730 2548 1904 1938 2326 2741 1713 1840 2242 2199 1618 3207 2899 1587 2194 1809 1766 2781 2402 2278 2828 2507 2927 1945 2897 2862 3203 3478 2787 3242 3363 3613 2830 3421 2886 3681 3689
2374 1576 927 1825 996 0 1191 1935 1345 1594 876 658 919 1980 2255 1458 1581 1093 1282 1693 1211 1463 1695 2008 1898 1329 1817 1535 1811 2433 2287 2045 2555 2084 1690 2110 1932 1672 1949 2475 1792 2833 3279 2965 2635 3236 3111 1467 1422 1605 1118 1875 1571 1190 964 1257 2941 1326 1232 3115 1835 2666 2071 1966 1801 2344 1931 1467 1710 2080 1949 2164 1676 1394 2047 3126 1884 1977 1382 1499 1402 2568 1867 1994 2563 1779 1759 3389 3082 1728 2591 1950 1907 3178 2799 2675 3225 2904 3848 2086 3013 3259 2790 3739 2903 3358 2797 3047 2946 2855 3002 3115 3123
1944 1171 875 1420 1032 1070 0 1530 1593 1470 1818 858 942 1879 2582 1946 2166 1817 997 1636 1522 1375 1817 1803 2324 2054 1530 1552 2058 1846 2775 2533 2706 2395 2413 1523 1975 1927 2437 2810 2103 2829 3247 2954 2886 3225 3100 1062 1017 1200 713 1556 1763 1661 821 1114 3038 1481 1166 3103 1692 2400 2783 1679 1762 3155 1344 1483 1985 1793 2030 1577 1692 1794 2129 2248 1900 2288 1693 1810 1713 2519 1706 1895 2722 2090 2012 2568 2586 1921 2520 2143 2100 3107 2728 2579 3757 3436 3137 2279 3002 3062 3041 3703 2892 3347 3048 3298 2935 3106 2991 3366 3374
1432 1491 1517 540 1232 1791 1702 0 988 1405 2195 1778 2128 1083 1165 864 1275 1939 1917 2602 2521 2410 1876 1220 1185 1421 2372 2481 2981 2646 2196 1919 2211 1284 2095 2749 3176 2238 2786 2266 1775 2558 2860 3759 3021 3570 3798 855 990 680 1153 842 951 1390 1918 2218 1858 786 2186 2205 724 1387 1810 2501 2855 1279 3057 2712 1799 2309 2648 2803 2925 1938 2565 2694 3249 2097 1373 1848 2100 3034 2932 3121 2067 1905 3238 2703 2614 3147 2648 3369 3326 3235 2856 2732 3282 2961 3212 3514 2940 3137 3176 3397 3563 3821 3183 3433 3575 3241 2929 3501 3509
1015 1935 1531 806 846 1156 1588 1098 0 844 1139 757 1018 1127 1700 903 481 1286 1545 1831 1310 1602 1143 1051 989 1232 1569 1673 2343 2420 1887 1645 2212 1218 1449 2247 2069 2038 1525 2037 1763 2124 2818 2647 2457 2918 2793 836 1175 593 1597 595 494 706 1102 1395 2443 612 1371 2617 678 1703 1532 1760 1940 1595 2068 1604 1875 1938 2105 2014 1813 1496 2204 2460 2021 2346 1473 1463 1501 2307 2004 2131 1744 1680 1896 2139 2157 1865 1882 2087 2044 2469 2090 1966 2516 2195 2615 2223 2695 2550 2612 3276 2585 3040 2619 2869 2628 2677 2684 2937 2945
1681 1421 1684 1530 925 1602 1574 1904 1092 0 792 695 956 1245 2664 1505 849 747 1521 1725 1248 2044 1183 1169 1039 1145 1369 2115 1848 2336 2064 1946 1902 1630 1504 2331 2510 1653 1830 2478 2074 3009 3228 2680 2612 2951 2826 1269 1186 1327 1505 1329 1228 987 1548 1651 2832 960 1813 2960 1058 1953 1621 1698 1840 1845 2243 2046 1360 1786 2021 1971 2252 1668 2120 2376 2460 1474 1796 1556 1439 2245 2444 2571 2390 2113 2342 2649 2779 2311 2181 2533 2490 2768 2389 2265 2815 2494 2914 2669 2728 3362 2767 3883 2618 4046 2774 3024 2661 2832 2717 3092 3100
2587 1419 1179 1721 993 1082 1796 2370 1454 778 0 1051 1291 2902 2731 1533 1316 435 1240 2722 1607 1716 1770 2119 1392 671 1367 1788 1962 2116 2362 2280 2232 1751 1030 2341 2178 1878 2024 2476 2072 2652 2623 3317 2709 3588 3366 1267 1184 1578 1727 1857 1680 1299 1216 1509 3283 1285 1485 3852 1934 2613 2146 2049 2837 2505 2533 1714 1358 1655 1801 2279 1920 1928 1899 2155 2128 2105 1561 1595 2474 2566 2560 2239 2075 1860 2014 2733 2425 1983 2700 2205 2162 3287 2908 2915 3635 3071 3192 2341 3365 2705 2864 3526 3131 3389 2871 3121 3143 2929 3354 3189 3197
2066 1293 547 1542 1154 642 904 1652 782 659 1017 0 419 1068 1760 1344 879 1266 399 1368 711 1306 1006 992 1836 1405 864 1378 1311 1565 1887 1769 1887 1584 1367 1563 2075 1176 1494 1664 1292 2198 2377 2143 2135 2414 2289 1184 1139 1322 835 1678 1132 1121 807 1061 3160 670 1075 2593 881 1589 1444 1161 1483 1684 1770 1309 1210 1127 1408 1538 1518 894 1414 1499 1726 1477 882 999 902 1768 1709 1836 1972 1279 1599 1817 1835 1567 1709 1789 1746 2296 1917 1768 2638 2317 2950 1925 2191 2251 2290 2699 2081 2536 2297 2547 2124 2355 2180 2615 2623
1986 1479 826 1837 976 921 1123 2124 1061 938 1119 437 0 1347 2039 1552 1218 1582 832 1077 690 1448 1285 1271 1978 1553 917 1465 1290 1544 2075 1897 1866 1563 1346 1596 2054 1155 1473 1643 1271 2177 2359 2122 2114 2393 2268 1656 1611 1570 1016 1572 1471 1267 754 867 2508 949 1239 2572 1160 1868 1723 1140 1462 2173 1417 1397 1189 1180 1428 1517 1605 873 1393 1478 1816 1456 861 978 881 1747 1779 1923 1951 1258 2085 1796 1814 1994 1688 2216 2173 2275 1896 1747 3468 2804 2929 2352 2170 2230 2269 2678 2060 2515 2276 2526 2103 2334 2159 2594 2602
2055 2731 2452 1903 1812 2048 2104 1016 1187 1244 1842 1103 1364 0 679 1057 1336 1800 2256 2493 1656 2564 751 977 1678 2002 1975 2635 2256 2510 1445 1570 1470 1824 1772 2508 3020 2121 1467 1512 1894 2092 2663 3088 3080 3152 3234 1879 2206 1636 2273 1638 1537 1571 1854 2119 1919 895 2333 1639 1106 676 880 2106 2608 569 2711 2564 2155 2238 2393 2464 2772 1839 2359 2444 2983 1604 1167 1322 1847 2713 2811 3092 1622 1564 3122 2154 2341 3041 1850 3279 3236 2437 2058 1931 2481 2160 2580 3430 3136 2515 2856 2979 3026 3481 3242 3492 3069 3300 3125 3560 3789
2631 2622 2651 1671 1788 2101 2408 1244 1573 1889 2083 1679 1940 957 0 1009 1688 1874 2056 2703 1872 2540 689 1187 1459 1993 2289 2610 2785 2836 1567 1409 1009 1801 1988 2952 3110 2611 1313 1864 1878 2367 3599 2387 3356 2615 2490 1986 2121 1811 2284 1973 2053 1624 2046 2339 2588 1263 2309 2489 1251 1305 419 2601 2464 1198 3565 2647 2078 2394 3055 2380 2855 1755 2675 2720 3066 1143 1383 2030 1763 2989 3049 3175 1584 2295 2831 2512 2509 2762 2125 2987 2944 2712 2333 2207 2756 2435 2855 3138 2392 2790 3131 3393 2282 2737 3518 3768 2325 3576 2381 2921 3844
1919 2246 1716 1195 1077 1390 1820 963 862 1111 1372 1299 1648 967 1051 0 1028 1545 1701 2245 1852 1833 789 976 1211 1447 2439 1904 2452 2571 1529 1287 1630 1209 2137 2432 2295 2163 1172 1628 1787 1807 2476 2195 2946 2466 2341 1087 2010 1560 1777 1562 1342 913 1336 1629 2051 748 1602 2035 699 1272 1177 2288 2171 1165 2253 1832 1825 2485 2573 2486 2039 1983 2490 2619 2250 1734 1385 1773 2202 3142 2233 2360 1706 1830 2125 2260 2253 2050 1565 2282 2239 2152 1773 1646 2196 1875 2295 2433 2243 2230 2571 3004 2133 2588 3108 3358 2176 3166 2232 2772 3434
1633 1690 2221 1275 1193 1748 2198 1688 661 1007 1134 1129 1390 1456 2516 1309 0 506 885 1825 1255 2158 1637 1476 578 979 1699 2250 1610 1753 2204 1714 1584 1193 1196 2306 2576 1881 1933 1741 1581 2387 2627 2404 2204 2675 2550 1305 1454 1062 1857 1064 963 1293 1694 1675 2560 764 1927 2812 835 1761 1997 1697 2078 1654 2170 2188 1351 1685 1448 1916 2395 1243 1547 1796 2571 1275 1220 1210 1678 2214 2489 2716 1246 1523 2481 1860 2047 2403 1970 2644 2601 2557 2178 2029 3036 2715 2515 2855 2452 2440 2359 3261 2342 2797 2366 2616 2385 2424 2441 2684 2692
2416 1420 2015 2002 923 1308 1845 2112 1337 737 364 1201 1527 1995 2478 1907 592 0 579 1384 952 1717 1776 1615 667 441 828 1808 1308 1451 2270 1992 1723 1282 791 1956 2283 1726 1881 1944 1539 2466 2378 2770 2523 3041 2916 1267 1184 1577 1776 1740 1639 1457 1495 1382 2856 1597 1486 3040 1166 2742 2016 1282 1637 2634 1868 2078 818 1349 1146 1614 2342 1126 1244 1494 2218 1364 1301 1019 1725 1911 2139 2328 1335 1598 2040 2488 2182 1962 2336 2203 2160 2923 2544 2395 3391 2827 2948 2357 2818 2339 2678 3340 2708 3023 2685 2935 2751 2743 2807 3003 3011
2228 1455 1159 1704 1316 1335 1066 1814 1791 1467 1206 422 727 1817 2714 2020 1048 652 0 1199 992 1532 2025 1863 1124 1095 460 1623 1221 1364 2360 2240 1971 1763 1471 1885 2212 1297 1814 2407 2001 2408 2828 2760 2465 3031 2906 1346 1301 1484 997 1840 2047 1562 777 1066 2849 1419 1301 3494 1823 2338 2259 1097 1452 2751 1781 1814 915 723 1059 1527 2271 724 1157 1407 2147 1820 1241 991 1331 1824 2073 2262 1791 1544 1855 2212 2281 1777 2326 2018 1975 2913 2534 2385 3553 3277 2656 2172 2808 2581 2620 3282 2698 3153 2627 2877 2741 2685 2797 2945 2953
3136 2513 1814 2762 1808 1858 1879 3030 2211 1686 1743 1185 1166 1975 3337 2496 2038 1450 1170 0 778 912 2580 2418 1667 1630 1503 1037 1296 1301 2010 1936 2526 1651 1434 1340 1737 1281 1561 1731 1359 2205 2625 2483 2262 2754 2629 2404 2359 2542 2055 3230 2419 2033 962 865 2416 2201 634 2872 2545 2496 2875 657 721 2281 1161 1274 1277 1364 1526 1394 1482 961 1624 1874 1693 1544 949 1066 969 1895 1523 1803 1781 1346 1289 1944 1962 1258 2049 1480 1437 2636 2257 2108 2903 3074 2633 1616 2531 2558 2417 2910 2421 2876 2424 2674 2464 2482 2520 2742 2750
2179 1898 1016 2147 1759 1111 1509 2257 1251 1128 1532 627 588 1537 2229 1962 1385 990 764 757 0 1113 1475 1461 1451 1371 1142 1327 1053 1202 1752 1678 2310 1393 1176 1500 1824 1021 1303 1473 1101 1806 2129 1952 2162 2223 2098 1789 1744 1927 1440 1762 1661 1455 1156 626 2158 1139 765 2370 1350 2058 1913 737 872 2363 1782 1253 1019 803 897 1365 1446 703 995 1245 1639 1286 691 808 711 1662 1435 1624 1522 1088 1559 1844 1862 1481 1518 1722 1679 2105 1726 1577 2375 2054 2135 1876 2000 2060 2317 2436 1890 2345 2324 2574 1933 2382 1989 2580 2650
2912 2268 1972 2517 1584 1634 1583 2627 1987 2236 1768 1359 1203 2383 3069 2272 2261 1975 1695 1063 1126 0 2516 2849 2098 2155 1853 1210 1726 1117 2598 2284 2302 1999 1782 907 1267 1381 1909 2079 1707 2553 2973 2798 2587 3407 2944 2159 2114 2297 1810 2555 2195 1809 1324 899 2764 1977 855 3220 2515 3214 2904 1181 768 2629 708 1139 1625 1712 1472 961 1326 1309 1206 1291 1558 1892 1297 1414 1317 1680 1090 1668 2159 1694 1454 2269 2287 1423 2364 1645 1602 3029 2572 2423 3924 3603 3249 1781 2846 3174 2742 3258 2736 3191 2749 2999 2779 2807 2835 3067 3075
1965 2310 2020 2266 1322 1645 2077 2117 1122 1154 1624 1013 1274 723 1133 796 1194 1603 1828 2475 1566 2070 0 887 1231 1566 2085 2102 2166 2420 1277 1199 1021 1582 1682 2418 2595 2407 1084 1344 1704 1720 2397 2116 2990 2387 2262 1391 1748 1546 2183 1548 1447 1195 1554 1847 1946 805 1839 1916 961 1145 671 2373 2728 940 2621 2132 1874 2190 2303 2374 2340 1749 2269 2354 2551 1155 1077 1232 1757 2623 2534 2660 1432 1474 2385 1986 2173 2354 1478 2576 2533 2065 1686 1559 2109 1788 2208 2712 2164 2143 2484 2445 2054 2509 3152 3402 2097 3210 2153 2693 3478
2017 2410 1921 1459 1784 2016 2066 1189 1149 1206 1635 1065 1326 1015 1479 1063 1216 1221 1503 2160 1425 2493 953 0 914 1120 1640 2585 2136 2303 2011 1211 1153 941 1338 2406 2549 1962 1428 1401 1226 2072 2612 2317 2309 2542 2463 1643 1909 1599 2072 1600 1499 1638 1816 2081 2283 816 2262 2541 586 1583 1237 2058 2017 1512 2240 2536 1429 1745 2160 1813 2608 1347 2258 1973 2484 1111 936 1091 1316 2242 2040 2229 1259 1333 2816 1877 1946 2738 1883 2979 2936 2424 2091 1942 2863 2542 2500 3176 2365 2425 2464 2946 2255 2710 2471 2721 2252 2469 2308 2848 2737
2132 2309 2220 1865 1813 2034 2402 1147 1072 1050 1457 1831 1792 1601 1507 1077 701 770 1060 1687 1390 2020 1148 987 0 658 1178 2112 1674 2015 1936 1147 1099 696 1097 2122 2840 1385 1511 1336 1239 1991 1962 2256 2123 2527 2402 1716 2073 1473 2478 1475 1374 1313 2249 1699 2292 979 1789 2406 711 2145 1591 1586 1940 1967 2569 2409 969 1286 1711 2001 2681 1116 1712 1841 2298 933 923 995 1409 2139 2368 2557 905 1052 2343 1518 1714 2265 1822 2506 2463 2409 2030 1881 2909 2588 2314 2660 2304 2239 2278 2865 2194 2923 2285 2535 2237 2343 2293 2603 2611
2260 1671 1667 1955 1175 1500 2337 1430 1288 1187 614 2044 1543 1854 1790 1360 917 450 1191 1859 1619 2137 1680 1300 549 0 681 2169 1177 1663 2129 1459 1411 1286 556 1759 3001 1004 1740 1649 1682 2224 2144 2389 2281 2660 2535 1518 1436 1689 1788 1691 1590 1773 1593 1914 2365 1262 1742 2659 994 2358 2084 1757 1849 2220 2692 2448 491 787 1812 1825 3060 718 1582 1711 2076 1485 1066 1100 937 1758 1632 1821 1456 1363 2255 2254 1948 2164 1955 2386 2343 2542 2163 2014 3157 2593 2714 2360 2437 2277 2436 3098 2327 2782 2443 2693 2370 2501 2426 2761 2769
3034 1970 1451 2159 1601 1546 1581 2269 2233 1388 1338 939 881 2212 3005 2156 1723 848 529 1515 1147 1848 2150 1821 1070 687 0 1940 933 1522 2648 1980 1932 1557 1265 1625 2240 833 1858 1925 1520 2202 2562 2447 2070 2718 3036 1861 1816 1939 1512 2478 2377 2110 931 1330 2653 1847 1617 3270 1617 2733 2543 1414 1768 2679 1988 2079 692 500 1399 1566 2108 501 1497 1570 2110 1824 1018 768 1108 1587 1793 1982 1836 1321 2114 1752 1770 2023 2013 2245 2202 2600 2221 2072 3558 2994 2433 2219 2495 2358 2225 3076 2385 3042 2232 2482 2796 2290 2484 2550 2558
2728 2084 1788 2333 1387 1437 1695 2443 1790 2039 1571 1162 1014 2806 2872 2075 2077 1791 1511 954 1374 1008 2319 2718 1967 1971 1844 0 1831 1146 3058 2816 2826 2706 2406 1326 936 1410 2713 2322 1950 3338 2455 3041 2616 3312 3187 1975 1930 2113 1626 2371 1978 1612 1135 724 3007 1780 777 3191 2331 3512 2707 997 1062 2825 1175 803 1868 2011 2046 1432 995 1552 1235 1320 1161 2135 1540 1657 1560 1709 1144 1271 2887 1937 1096 2298 2316 1065 2961 1287 1244 3683 3169 3048 3727 3277 3826 1423 3089 3761 2771 3970 2979 3416 2778 3028 3022 2836 3078 3096 3104
2815 2392 1655 2641 2427 1750 2003 2753 2420 2297 2131 1266 1227 2176 3237 2821 1798 1405 1300 1181 1116 1480 2675 2287 1521 1162 983 1695 0 1153 2373 2446 2398 2503 1453 1224 1815 813 1942 2630 1657 2448 1624 2591 1785 2862 2562 2283 2238 2421 1934 2823 2722 2094 1640 1120 2659 1778 1202 3561 2161 2697 2268 1131 1437 3122 1506 2293 1049 749 745 1314 1874 839 864 1192 1724 2585 1229 908 890 1531 1407 1596 1811 1188 1713 1467 1485 1622 2157 1844 1801 2744 2365 2216 3245 2681 1976 1980 2639 1901 1940 3322 2327 2585 1947 2197 2339 2005 2628 2265 2273
3417 2741 1848 2990 2452 1943 1797 2698 2445 2325 2066 1708 1720 2129 2971 2555 1853 1460 1359 1589 1171 1193 2067 2720 1929 1741 1692 1160 1144 0 2164 2434 2956 1953 1544 538 916 670 2015 1754 1748 2419 2015 2664 1876 3306 2953 2632 2710 2846 2283 2848 2747 3048 2242 1113 2520 2151 1081 2942 2154 2650 2359 1038 774 2503 607 1235 1369 1331 618 652 975 1019 495 580 891 2640 1092 999 981 969 721 910 1602 1279 1027 1558 1576 936 2230 1158 1115 2817 2438 2632 3275 2711 2367 1294 2712 2292 2031 3293 2718 2734 2038 2288 2610 2096 2701 2356 2364
2568 3323 2368 2372 1735 2045 2472 2242 1521 1770 2027 1919 2302 1389 1935 1144 1800 2067 2442 2365 2128 2473 1050 1719 1741 1953 2345 2544 2170 2411 0 956 1461 1771 1873 3084 2939 2022 1093 577 997 1782 1809 2027 1781 2326 2599 2687 2822 2512 2985 2154 2001 1572 1990 2283 956 1404 2242 1070 1349 1260 1473 2760 2480 1100 2905 2475 2038 2578 3002 2365 2682 1778 2260 2345 2891 904 1230 1582 1963 2614 2874 3002 605 1289 2763 1279 1065 2702 1454 2924 2881 2041 1662 1542 2091 1770 1790 3070 2075 1715 1936 2153 1965 2399 1943 2193 2008 2001 2064 2261 2959
2793 2976 2431 2299 1958 2268 2621 1777 1826 1883 2087 2042 2003 1212 1814 1369 1556 1562 1879 1924 1687 2278 1128 933 942 1181 1700 2767 2196 2826 1212 0 701 1300 1875 2419 2931 2029 930 943 1438 1473 1678 1619 2139 1890 1765 2882 2799 2515 2553 2517 2224 1795 2213 2030 1382 1627 1932 1639 1341 1829 1352 1968 2039 1147 2263 2697 1490 1805 2497 2351 2905 1570 2595 2355 2459 1246 1198 1316 1578 2783 2362 2408 905 1595 2988 1334 1305 2927 1185 3149 3106 1772 1393 1244 1909 1588 2008 3259 1667 1943 2284 2102 1557 2012 2301 2551 1600 2348 1656 2247 2369
2676 2421 2053 2933 1679 2148 2723 2037 1213 1479 2406 1664 1625 1569 1645 1548 1465 1454 1829 1794 1557 2148 1213 1193 1202 1441 1960 2459 2456 2719 1638 998 0 1158 1673 2109 2621 2289 1260 1052 1274 1763 2505 1909 2381 2180 2055 1148 1505 1507 2243 1938 1614 1137 1888 1900 1803 894 1802 2097 1601 1994 1183 2007 1909 1886 3134 2684 1750 2065 2389 2005 2892 1440 2488 2758 2329 831 1068 1223 1448 3043 2232 2421 1074 1465 2576 1690 1666 2711 1475 2933 2890 2062 1683 1534 2512 2191 2572 3129 1957 2497 2536 2465 1847 2302 2543 2793 1890 2601 1946 2486 2661
2969 2670 1865 1741 1868 2178 2903 1338 1529 1680 1601 1476 1437 1782 1611 1195 1158 1301 1833 1606 1369 1960 1363 1110 735 1222 1558 2334 1972 1955 1760 1555 1415 0 1016 2058 2659 1475 1191 1357 955 1791 2482 1840 2419 2111 1986 2056 2191 1881 2354 1932 1831 1943 2235 1712 2046 1054 1614 2290 794 2086 1838 1819 1721 1978 2366 2102 1481 1567 1885 2112 2295 1102 1802 1931 2558 822 880 1069 1260 2229 2241 2430 1050 1142 2547 1529 1509 2456 1406 2678 2635 1993 1614 1465 2443 2931 3053 2826 1888 2205 2558 2665 1778 2233 2581 2815 1821 2623 1877 2417 2891
2484 2022 1776 2126 1527 1780 2790 1930 1512 1700 955 1387 1348 1683 2123 1707 1141 798 1444 1517 1280 1871 1621 1471 1085 571 1169 2614 1560 1582 2051 1873 2143 1036 0 1861 2092 1373 1449 1749 1345 1688 2023 2098 1852 2369 2244 1869 1786 2179 2241 1915 1814 2125 1846 1623 2304 1326 1525 2545 1096 2204 1913 2091 1632 2169 1650 2013 808 1155 2026 1262 2151 716 1431 1516 1806 1432 688 690 1333 1932 1489 1678 1661 1204 1833 2132 1821 1938 1664 2180 2117 2251 1872 1859 3036 2472 2594 2134 2146 1847 2007 2562 2273 2531 2014 2264 2285 2072 2135 2332 2340
3587 3120 2238 3338 2206 2229 1785 2839 2666 2502 2388 1839 1405 2740 2779 2363 2441 2047 1947 2106 1758 1098 2669 2338 2413 2342 1973 1272 1538 783 2554 2935 2626 1761 1748 0 872 1178 2215 2546 1931 2685 2197 3096 2612 3615 3135 2834 2789 2972 2485 3170 2782 2411 1526 1101 3316 2534 1069 3563 2322 3044 3275 2149 1557 2936 767 924 1663 1725 1025 488 638 1325 1032 1071 700 2709 1536 1482 860 1572 383 572 1846 1406 689 1958 1824 598 2910 820 777 3497 3118 2969 3993 3429 2549 956 3389 2474 2767 3549 2900 3158 2774 3024 2912 2832 3381 3092 3100
3721 2837 2318 3326 2040 2063 2253 3436 2379 2628 2222 1830 1693 2936 3251 2655 2530 2310 2324 1767 2187 1648 2895 2810 2768 2472 2441 1106 2010 973 2731 3342 3641 2233 1893 1186 0 1237 3210 2321 2151 3286 2282 3181 2443 3349 3220 3129 2683 3062 2379 3064 2608 2230 1814 1389 3087 2364 1417 3625 2974 4023 3129 1810 1986 3818 814 898 1808 1829 1328 900 832 1470 1062 1147 683 2385 1530 1566 1327 1536 696 921 2313 1846 1187 2125 2143 1096 3587 1318 1275 4174 3795 3674 4223 3353 2634 1292 3399 2559 2598 4131 2985 3243 2605 2855 2997 2663 3388 2923 2931
3075 3201 1520 2717 2706 1615 2440 2316 2103 1882 1770 1381 1342 1801 2589 2173 1732 1810 1433 1261 1204 1453 1739 2182 1416 1047 878 1420 890 808 1836 2342 2294 1571 1216 911 1176 0 1662 1426 1420 2091 1687 2336 1548 2978 2625 2747 2964 2504 2371 2506 2405 2753 1835 1667 2192 1773 1269 2614 1772 2322 2031 1183 1376 2175 867 1495 945 754 667 965 1235 787 515 600 1259 1915 1028 897 523 799 1094 1283 1274 951 1400 1230 1248 1309 1902 1531 1488 2489 2110 2304 2947 2383 2039 1667 2384 1964 1703 2965 2390 2406 1710 1960 2282 1768 2373 2028 2036
2480 2626 2045 2277 1623 1933 2360 1802 1409 1658 1915 1476 1437 1301 1763 1056 1712 2082 1910 1606 1369 1960 961 1631 1580 1818 1748 2432 1969 1998 866 1027 1338 1162 1485 2101 2827 1587 0 822 1170 915 1694 1061 1637 1332 1207 1891 2392 2064 2341 2066 1889 1460 1878 1712 1267 1292 1614 1566 1237 890 1301 1819 1721 1181 1945 2363 1568 1655 1990 1817 2570 1252 1914 2037 2779 928 880 1035 1260 2306 2762 2890 1132 1277 2645 2155 1787 2614 627 2836 2793 1214 835 686 1397 1076 1496 2972 1109 1431 1772 2045 999 1454 1789 2605 1042 1856 1098 1638 1821
2703 3659 2552 2413 2030 2340 2767 2283 1817 2550 2394 2103 2064 2233 2087 1441 1709 2007 2230 1776 1539 2130 1347 1541 1389 2015 1966 2839 1944 2221 761 978 1106 1459 1494 2219 2745 2161 907 0 702 1743 1633 1581 1605 1852 1727 3506 3422 2553 2742 2451 2297 1867 2285 1882 1117 1699 1784 1351 1644 1541 1704 1820 1891 1153 2436 2769 1658 2168 2419 2175 2657 1595 2070 2155 2444 710 712 1255 1773 2424 2127 2316 379 1063 2438 868 839 2357 1067 2595 2552 1654 1275 1126 2121 2068 1564 2745 1549 1489 1760 2024 1439 2173 1753 2003 1482 1811 1538 2085 2079
2789 3276 1678 2431 2781 1773 2348 1854 1817 2119 2335 1289 1250 1419 2315 1807 1446 1576 1907 1419 1182 1773 1357 1626 1203 1647 1534 2147 1719 2103 1247 1342 1430 1027 1063 1828 2307 1695 1185 672 0 1006 1241 1834 1337 2105 1871 3122 3039 2218 1868 2220 2119 2843 2309 1525 1997 1201 1427 1717 1310 1907 1853 1632 1534 1702 2006 1915 1227 1498 2096 1410 2108 1164 1627 1712 1954 837 750 823 1502 2080 1637 1826 584 1067 1912 873 886 1987 1400 2209 2166 1987 1674 1177 2254 1690 1285 2183 1882 1210 1492 1880 1772 1894 1499 1749 1648 1557 1871 1817 1825
3232 3704 2837 3134 2456 2765 3193 3193 2242 3018 2549 2074 2035 2518 2513 1860 2149 2394 2515 2158 1921 2512 1773 2454 2121 2169 2240 3265 2836 2626 1677 1674 2325 1735 1704 2740 3105 2142 1010 1526 884 0 666 1179 1665 1448 1325 3551 3467 2921 3027 2923 2822 2293 2710 2316 2346 2125 2166 2723 2069 1568 2130 2371 2273 2184 2437 2654 2126 2169 2404 2189 3164 1732 2444 2529 2740 1732 1004 1213 1694 2798 2416 2582 1271 1475 2760 832 1078 3060 769 3282 3239 1010 836 372 1323 1002 1856 3448 1227 1781 2122 1042 1117 1572 1827 2077 1160 1885 1216 1807 2005
3438 3299 2215 2992 2804 2721 2825 3031 2378 2938 1929 1886 1847 2256 2780 2127 2007 1774 2313 2076 1779 2430 2039 2396 2544 1549 2038 2847 1734 2093 1751 2021 1779 1950 1351 2091 2603 1704 1477 1341 820 644 0 1061 790 1606 1100 2246 3057 2779 2792 2781 2680 2560 2170 2188 2107 2398 2084 2529 2021 2422 2846 2120 2191 2090 2294 2815 2046 1904 2952 2047 2529 1462 1942 2027 2611 1830 983 1017 1971 2296 2165 2354 964 1127 2475 623 825 2394 1106 2632 2589 2418 1312 815 1230 666 514 2782 1428 439 780 1518 865 1123 961 1410 877 1323 1748 1473 1852
4361 3585 2826 3834 2665 2921 3196 3201 2761 2638 3115 2137 2098 2507 2779 2082 2498 2958 2564 2456 2030 3174 2445 2308 2330 2731 2529 3327 2630 2584 1942 1741 2073 1823 2530 3416 3094 2195 1073 1483 1971 1126 1134 0 868 1163 817 3476 3431 3270 3127 3272 3171 2965 2361 2379 2118 2649 2455 2578 2512 1713 2737 2480 2562 1973 2785 3328 2229 2316 2771 2681 3153 1913 2433 2518 3285 1589 1541 1696 1921 2787 2968 3157 1803 2032 3274 1461 1799 3183 928 3405 3362 1399 1136 867 1358 1178 942 3541 768 867 1208 1341 618 837 1039 1488 639 1444 954 1225 1574
3493 3550 2389 3286 3054 2484 3359 3085 2672 2441 2366 1940 1901 2370 3138 2722 2301 2210 2367 2130 1833 2484 2308 2697 2274 1983 1993 2601 1788 1847 1805 2075 2279 2120 1785 2145 2357 1458 2316 1395 1209 1760 832 891 0 1436 930 3394 3311 3073 3290 3075 2974 2768 2769 2356 2161 2452 2138 2586 2541 2891 2600 2459 2245 2144 2048 2676 1850 1878 1962 2101 2416 1500 1696 1781 2896 1655 1321 1117 1462 2050 2579 2768 1243 1280 2889 839 1037 2808 1707 3046 3003 2294 2456 2020 1724 1127 694 3196 1425 619 391 1968 695 953 419 669 707 477 1578 737 745
4200 4252 3085 3952 2924 3233 3500 3087 2660 2717 3369 2396 2357 3343 3038 2341 2757 2662 2950 2715 2289 3060 2253 2449 2473 2703 2668 3646 2889 3384 2081 1880 2213 2082 2405 3201 3894 2995 1332 1742 2090 1385 1639 1223 1427 0 807 3176 4014 3109 3626 3111 3010 2762 2620 2638 2703 2368 2714 2838 2548 1972 2576 2570 2821 2232 3585 3587 2488 2575 2910 3278 3953 2172 3233 3318 3061 1848 1800 1955 2180 3587 3565 3754 2062 2197 3871 2534 2732 3780 1187 4002 3959 1449 1437 1126 1898 1783 1494 4138 1309 1419 2086 773 748 1203 1874 2124 765 1812 663 1238 1181
4535 3759 3000 4008 2839 3095 3370 3399 2935 2812 3223 2311 2272 2681 2953 2256 2672 2725 2738 2630 2204 3348 2619 2482 2504 2732 2703 3504 2691 2750 2116 1915 2247 1997 2320 3056 3260 2361 1247 1657 2005 1300 1175 874 963 856 0 3079 3605 3444 3301 3446 3345 3139 2535 2553 2292 2823 2629 2752 2686 1887 2911 2654 2736 2147 2951 3579 2403 2490 2945 2711 3319 2087 2599 2684 3315 1763 1715 1870 2095 2953 3023 3187 1977 2140 3304 1519 1822 3238 1102 3435 3417 1573 1310 1041 1839 1420 987 3571 1224 912 1294 1128 663 756 1082 1332 390 1020 743 758 960
1243 1109 1135 719 850 1409 1320 829 944 1178 1367 1396 1746 1789 1881 1818 1233 1349 1535 2606 2139 1986 2772 2174 1741 1586 2044 2070 2596 2857 2835 2612 1183 2147 1937 2658 2450 2790 2503 3540 3126 3702 3933 4106 2533 4377 4252 0 563 499 771 855 946 725 1495 1788 2337 782 1755 2402 1678 2091 2502 2507 2726 2589 2479 1986 2411 2307 2533 3020 2197 2248 2631 2894 2423 1504 2435 2469 2863 3917 2388 2515 2777 1581 2356 2891 2023 2325 2483 2547 2504 3070 2691 2567 3116 2795 3024 2683 3369 2949 2688 4576 3375 3633 2695 2945 3387 2753 3358 3013 3021
1235 1055 1081 711 796 1355 1266 821 1121 1087 1287 1342 1692 2201 2293 1799 1399 1269 1481 2552 2085 1932 2755 2166 2040 1506 1990 2002 2542 2782 2827 2526 1507 2128 1857 2602 2396 2842 2427 2904 2785 3627 3858 4052 3684 4323 4198 413 0 491 717 847 1054 1049 1460 1753 2329 1106 1701 2394 1659 2253 2494 2453 2672 2581 2423 1951 2070 2272 2458 2945 2162 2273 2556 2819 2369 3209 2355 2389 2783 3837 2353 2480 2702 2650 2281 3429 3653 2250 3618 2472 2429 3394 3826 3677 3440 3119 4473 2608 4100 3680 3839 4501 3990 4445 3846 4096 4033 3904 4089 4164 4172
1132 1205 1231 614 946 1505 1416 724 700 1316 1558 1492 1789 2095 2187 1628 989 1542 1631 2702 2235 2101 1863 2058 1497 1777 2159 2171 2851 2937 2730 2309 1511 1997 1957 2752 2565 2546 2212 2730 2271 2833 3457 3513 2965 3784 3659 569 704 0 867 582 702 1227 1610 1903 2232 1243 1870 2297 1567 2156 1977 2603 2466 2484 2723 2101 2383 2446 2613 3100 2638 2004 2711 2974 2846 2266 1981 1971 2439 3300 2503 2957 2229 2188 2431 2647 2665 2400 2591 2622 2579 3178 2799 2676 3225 2904 3324 2758 3561 3259 3120 3722 3451 3906 3127 3377 3494 3185 3550 3445 3453
1545 818 672 1021 633 952 863 1131 1376 1561 1211 939 937 2288 2183 1974 1665 1536 1078 2554 1229 1788 2209 2314 2266 1771 1548 1645 2139 2388 3092 2653 2405 2504 2122 2349 2339 1694 2544 2588 1810 2716 2905 3649 2653 3232 3795 663 618 801 0 1157 1364 1584 1087 1380 2639 1693 1344 2772 1805 2572 2384 2050 2001 2437 2170 2073 1728 1811 2065 1987 2085 1412 2358 2017 2293 1995 1400 1517 1420 2286 2277 2404 2933 1797 1878 2335 2353 1847 3110 2069 2026 3114 3423 3274 3346 3025 3476 2205 3697 3069 2808 4263 3587 4042 2815 3065 3630 2873 3686 3133 3141
1223 1496 1522 785 1237 1849 1707 895 646 1262 1831 1474 1735 1904 1947 1574 935 1627 2193 2864 2027 2282 1809 1828 1443 1686 2371 2352 2797 2883 2497 2255 1838 1943 1903 2939 2805 2492 2158 2676 2217 2779 3403 3459 2911 3730 3605 911 995 478 1158 0 476 938 1794 2087 2403 1189 2051 2472 1597 2569 2200 2812 2620 2460 2760 2341 2329 2392 2559 3046 2551 1950 2657 2920 2759 2212 1927 1917 2385 3246 2743 2870 2175 2134 2588 2593 2611 2557 2537 2779 2736 3124 2745 2622 3171 2850 3270 2915 3507 3205 3066 3668 3397 3852 3073 3323 3440 3131 3496 3391 3399
1330 1724 1750 874 995 1318 1750 1039 551 1167 1297 1244 1539 1809 2044 1247 840 1532 1858 1956 1797 1743 1481 1797 1348 1591 2276 1775 2702 2788 2170 1928 1586 1848 1808 2409 2226 2397 1824 2355 2122 2449 3308 3085 2816 3356 3231 895 1223 652 1386 468 0 554 1227 1520 2547 967 1512 2935 1476 2335 1878 2085 2100 2137 2230 1762 2234 2297 2464 2671 1973 1855 2562 2825 2180 2117 1832 1822 2290 3151 2164 2291 2080 2039 2058 2498 2516 2027 2207 2249 2206 2794 2415 2292 2841 2520 2940 2385 3133 2875 2971 3294 3023 3478 2978 3228 3066 3036 3122 3296 3304
1738 1573 1263 1449 600 909 1336 1997 832 829 892 841 1166 1703 2769 1085 1104 1237 1494 1583 1394 1346 1319 1635 1144 1306 1854 1416 1994 2821 2003 1761 1207 1735 1657 1979 1810 2424 1657 2974 2559 2288 3239 2920 2758 3191 3066 760 1335 1119 1384 1042 667 0 854 1147 2476 800 1115 2770 1244 1977 1713 1835 1684 1868 1800 1346 1845 1949 2075 2033 1558 1577 2910 2995 1766 1620 1565 2043 1585 3384 1749 1876 2184 1605 1628 3349 3037 1597 2046 1819 1776 2633 2254 2131 2680 2359 2779 1955 2968 2714 3055 3129 2858 3313 2920 3170 2901 2978 2957 3238 3246
2483 1958 1274 2207 1101 1155 886 2317 1447 1386 1283 885 632 1795 2494 1697 2314 1369 760 1152 1019 973 1932 1719 1811 1442 845 1018 1615 1482 2618 2376 2673 2148 1856 1159 1413 1683 1802 1972 1600 2793 3041 2451 2850 2722 2597 1849 1804 1987 1500 2065 1678 1307 0 721 2607 1416 742 2887 1608 2769 2323 1315 1311 2661 980 949 1300 1108 1928 1213 1161 1109 2026 2289 1369 1785 1626 1376 1210 2437 1352 1479 2499 1929 1288 2554 2839 1257 2017 1479 1436 2604 2225 2076 3296 2975 3612 1615 2499 2979 3005 2914 2389 2844 3012 3262 2432 3070 2488 3019 3338
2325 1683 1387 1932 946 971 979 2042 1276 1525 1128 736 599 2224 2322 1525 1436 1385 1157 744 708 1348 1760 2075 2085 1620 1242 1394 1286 1872 2448 2206 2505 2170 1970 1534 1788 1584 2109 1931 1559 2730 2774 2410 2631 2681 2556 1574 1529 1712 1225 1970 1503 1125 720 0 2625 1246 891 3210 1630 3111 2151 986 1371 2256 1355 1324 1692 1500 1548 1301 1536 1501 1616 1879 1744 1744 1149 1266 1169 2313 1727 1854 2828 1546 1146 2313 2331 1632 2488 1854 1811 3075 2696 2573 3122 2801 3221 1990 2458 3156 3497 3569 2348 2803 2793 3043 2391 2851 2447 3111 3119
2792 2979 3005 2028 2720 3279 3190 1898 2483 3637 3130 3266 2533 2021 2530 2472 2541 2542 3405 2402 2165 2756 2052 2185 2220 2435 2664 3252 2765 2719 1207 1593 1950 1958 2281 2822 3229 2330 1208 1214 1474 1951 2333 2097 2494 2762 3034 2343 2478 2168 2641 2330 2439 2553 2796 2508 0 2385 2410 974 2332 1949 2289 2615 2517 1327 2920 3312 2750 2451 2908 2778 3260 2048 2568 2653 3313 1541 1575 1831 2056 2922 2996 3185 1242 1926 3295 1731 1702 3225 1663 3463 3420 2294 1871 1722 2544 2228 2685 3613 2145 2610 2941 2589 2035 3294 2656 2896 2925 2714 2134 3477 3417
1604 1961 1682 1386 1003 1326 1572 894 844 800 1305 693 954 848 2055 745 610 1130 2021 1723 1246 1751 975 904 727 1379 1746 1784 1846 2386 1665 1423 974 889 1281 2117 2174 2007 1331 1761 1557 1963 2862 2840 2610 3111 2986 827 1184 1173 1503 1175 1074 876 1235 1528 2500 0 1520 2051 349 1158 1367 1696 1838 1049 1938 1710 1669 1837 2053 1934 1925 1290 2151 2463 2131 1939 1267 1257 1437 2543 2115 2243 1669 1570 2066 2292 2658 2035 1714 2257 2214 2301 1922 1800 2349 2028 2448 2393 2790 2383 2724 2989 2778 3233 2772 3022 2821 2830 2877 3090 3098
2532 2008 1429 2257 1151 1205 1244 2367 1489 1738 1333 941 804 2108 2545 1748 1761 1595 1315 758 851 721 1983 2406 1664 1775 1552 850 1355 1208 2673 2431 2513 1724 1507 885 1224 1350 1634 1804 1432 2278 2525 2523 2335 3078 2669 1899 1854 2037 1550 2115 1724 1354 925 524 2489 1463 0 2793 1972 2817 2375 801 866 2709 706 761 1350 1336 1666 939 975 1034 1764 2023 1183 1617 1022 1139 1042 2431 1167 1296 1848 1419 1082 2017 2035 1043 2701 1265 1222 3288 2909 2786 3335 3014 3094 1401 2571 2348 2490 2983 2461 2916 2497 2747 2504 2555 2560 2815 2823
2686 2873 2876 1922 2591 3156 3084 1792 2634 3685 3304 3574 3535 1572 2227 2283 2884 3145 3251 3404 3167 3758 1659 2213 2219 2445 3089 3659 3147 3976 1186 1632 1978 2960 2634 3449 4531 3568 1456 1253 1613 2464 2312 2643 2876 2810 3067 2237 2372 2062 2535 2224 2310 2686 2862 2880 965 2091 3412 0 2049 1556 1937 2812 3519 934 3113 3591 2781 3066 3819 3225 3802 2679 3304 3955 3709 1580 1846 2376 3058 3737 3392 3581 1341 2266 3736 1895 2082 3554 2179 3791 3748 2766 2387 2264 2813 2492 2664 3941 2691 2589 3031 2715 2581 3036 3038 3288 2624 3096 2680 3356 3367
2036 2202 1835 1251 1151 1461 1892 900 939 1037 1445 905 1166 1095 1173 757 740 1008 1840 2023 1458 1894 1033 704 632 1117 1565 1965 2127 2177 1999 1611 1379 708 1100 2280 2360 1769 1645 2127 1376 2433 2680 2678 2490 2949 2967 1566 1701 1391 1867 1553 1425 1010 1406 1699 2333 398 1663 2261 0 1328 1471 2045 2232 1219 2372 1896 1488 1656 1930 2334 2109 1109 2028 2225 2317 1425 1086 1076 1825 2523 2301 2430 1390 1436 2200 2194 2477 2169 2027 2391 2348 2614 2235 2113 2662 2341 2381 3106 2726 2306 2645 3307 2616 2990 2652 2902 2744 2710 2715 2970 2978
3166 3567 2779 1802 3106 3057 2964 1335 1827 1842 3218 1583 1844 672 1343 1375 1639 2478 2880 3173 2136 3482 1231 2000 1997 2321 2695 3505 2736 3418 1359 1868 1700 1986 2634 3507 3260 2917 1979 1426 1786 2783 3335 2996 3020 3063 3320 2117 3437 1942 2415 2618 2517 2105 2966 3259 1526 1203 3181 1518 1504 0 1095 2586 3288 616 2951 3435 2699 2422 2931 2524 3645 2019 2599 2684 3853 1822 1647 1802 2027 2953 2751 3965 1514 2044 3359 2068 2255 3278 2562 3515 3472 3149 2770 2621 2898 2577 2997 3522 3044 2932 3175 2968 2934 3389 3182 3432 2977 3240 3033 3751 3620
2208 3021 3013 2070 1758 2066 2259 1924 1342 1399 2051 1258 1519 790 889 1180 1546 1953 2210 2648 1811 2497 824 1132 1452 1772 2130 2568 2411 2680 1554 1534 994 1786 1927 2663 2962 2272 1422 1600 1863 1995 2611 3243 3235 2974 3389 2385 2520 2210 2683 1853 1752 1596 2011 2240 2592 1050 2262 1895 1261 1180 0 2261 2763 1079 2807 2501 2310 2393 2544 2559 2710 1994 2642 2359 2918 1128 1322 1477 2002 2628 2786 3031 1569 1719 2785 2242 2494 2738 1753 2960 2917 2340 1961 1839 2388 2067 2487 3096 3291 2422 2763 2958 3181 3636 3397 3647 3224 3455 3280 3715 3723
2637 2276 1474 2525 1624 1569 1887 2635 1709 1586 1923 1085 1046 1995 3352 2502 1773 1379 1142 773 931 1047 1933 1919 1599 1645 1354 1197 1075 855 2363 2188 2475 1851 1634 1475 1748 1174 1761 1931 1559 2264 2652 2410 2405 2681 2556 2167 2122 2305 1818 2160 2059 1913 1085 949 2616 1597 769 2920 1808 2516 2890 0 430 2482 1296 1496 1335 1046 970 1479 1864 1144 1093 1356 1694 1744 1149 1411 1366 1760 1658 1819 2526 1546 1430 2087 2105 1393 1976 1615 1572 2563 2184 2035 2788 2467 2969 1751 2414 2894 2560 2829 2304 2759 2567 2817 2347 2625 2403 2885 2893
2973 2900 2050 3268 1885 1941 2005 3407 2231 1922 2206 1421 1382 2211 2903 2466 2360 1967 1528 840 1014 780 2149 2685 1917 2131 1861 1381 1464 630 2486 2172 2190 1887 1670 1167 1545 1459 1797 1967 1595 2441 2688 2686 2505 2957 2832 2871 2784 2998 2424 2556 2469 2093 1544 1258 2652 1933 959 2956 2156 2732 2441 478 0 2518 1100 1447 1513 1514 993 1281 1604 1197 1290 1352 1468 1780 1185 1302 1205 1598 1350 1539 2011 1582 1629 2187 2205 1565 2252 1787 1744 2917 2460 2311 3252 3136 3257 1923 2734 2511 2660 3146 2624 3079 2667 2917 2667 2725 2723 2985 2993
3034 3435 3532 1670 2974 2340 2832 1211 1703 1718 3086 1550 1811 548 1219 1251 1515 2941 2980 2673 2256 3027 1177 2113 2118 2341 2856 2841 3351 3065 726 1219 1878 1854 2430 2688 3235 3178 1421 798 1158 2222 2199 2368 2360 2639 2514 1985 3305 1810 2283 2486 2385 1981 2284 2605 2344 1079 2681 1213 1372 600 971 2537 2788 0 2918 2772 2647 2961 2869 2644 2981 2139 2967 2651 3223 1125 1391 1705 2147 2920 2906 3095 886 1823 3094 1440 1599 3013 1934 3250 3207 2521 2142 1993 2560 2239 2551 3400 2416 2476 2817 2716 2306 2761 2522 2772 2349 2580 2405 2945 2848
3730 3050 2260 3239 1893 1949 1506 3067 2239 2689 2315 1683 1126 2230 3075 2474 2214 1821 1725 1355 1539 826 2168 3084 2290 1953 1694 1039 1512 645 2403 2371 2397 2057 1783 625 795 909 1996 1993 1987 2520 1954 2853 2115 2887 2892 2941 2896 3019 2592 3217 2477 2101 1247 822 2759 2186 790 3181 2523 2751 2460 1543 1206 2681 0 1114 1358 1373 986 684 854 1067 734 819 869 1979 1084 1238 925 1208 808 997 1841 1518 1114 1797 1815 1023 2211 1245 1202 2798 2419 2270 3396 2832 2306 1381 2693 2231 2270 3394 2657 2915 2277 2527 2669 2335 2682 2595 2603
3084 2200 1681 2689 1403 1426 1629 2799 1713 1962 1585 1193 1056 2711 2760 1963 1893 1951 2167 1130 2030 1011 2198 2513 2519 2183 1804 469 2487 1149 2886 2644 3393 2627 2530 1497 739 1413 2536 2498 2126 3151 2625 3697 2619 3468 3843 1892 2046 2425 1742 2427 1954 1580 1177 752 3183 1682 780 3667 2087 2996 2492 1173 1349 2713 990 0 2259 2067 1504 1072 570 1753 1238 1323 778 2311 1716 1742 1444 1712 762 890 2430 2022 1253 2301 2319 1184 2909 1406 1363 3496 3117 2994 3543 3222 3642 1542 3984 3577 2774 4326 3635 3477 2781 3031 3678 2839 3734 3099 3107
2980 2194 1521 2486 1787 1616 1805 1801 1872 1356 1573 1163 1105 1742 2162 1733 1501 817 753 1262 1025 1616 1680 1767 998 626 478 2366 869 1370 2482 1925 1877 1335 779 1293 1841 948 1508 1603 1187 1920 2168 2157 1841 2428 2303 2085 2040 2273 1736 2275 2174 2079 1155 1554 2363 1625 1270 2952 1395 2208 2532 1306 1377 2669 1329 2297 0 510 1372 1057 1731 296 1289 1418 1601 1927 813 563 729 1702 1284 1473 1515 1116 1628 1772 1541 1619 1723 1841 1798 2310 1931 1782 3180 2616 2737 2029 2205 2153 1996 2794 2095 2550 2003 2253 2138 2061 2194 2321 2329
3048 2270 1578 2602 1728 1673 1881 2515 1988 1834 1517 1189 1241 1799 2597 2185 1617 1296 889 1304 941 1639 1737 1914 1145 773 614 1729 719 1437 2723 2072 2024 1406 1159 1360 1821 752 1565 1910 1494 2036 2239 2214 1925 2485 2360 2161 2116 2389 1812 2391 2290 2620 1291 1312 2420 1696 1408 3193 1466 2265 2618 1175 1557 2755 1317 2027 479 0 1452 1106 1798 412 1611 1245 1513 1548 929 679 896 1506 1333 1522 1823 1232 1677 1607 1625 1883 1780 2123 2080 2367 1988 1839 3251 2687 2808 2366 2262 2224 2080 2910 2152 2607 2087 2337 2195 2145 2251 2405 2413
3302 2797 2062 2607 2300 2238 1969 2692 2182 2058 1923 1325 1411 2480 2965 2549 1599 1206 1109 1648 924 1585 2418 2469 1674 1885 1442 1493 818 662 2257 2941 2703 2305 2224 772 1249 647 2066 2952 1841 2527 1808 2715 1969 2986 2746 2641 2560 2583 1900 2585 2484 2781 1979 1566 2613 1962 1556 3885 2148 3001 3010 1069 1057 3563 940 1568 1513 1391 0 827 1308 1163 393 650 1272 2386 1344 1107 839 1026 955 1144 2352 1387 1261 1651 1669 1170 2281 1392 1349 2868 2489 2340 3250 2686 2160 1366 2763 2085 2124 3401 2511 2769 2131 2381 2523 2189 2752 2449 2457
2980 2823 1913 3012 2932 2008 1591 2313 2052 1929 2005 1428 1389 2158 2422 2006 1987 1594 1498 1618 1312 904 2096 1981 1864 1631 1579 1388 1285 577 2229 2119 2325 1404 1184 512 975 972 1744 2177 1502 2184 1780 2679 1905 3296 2718 3273 3191 2792 2365 2990 2889 2256 1568 907 2599 1940 875 2962 1792 2679 2388 1460 1351 2871 717 1027 1099 1297 759 0 741 761 798 865 570 1727 1100 850 443 1272 486 675 1489 1125 852 1587 1447 761 1995 983 940 2582 2203 2355 3060 2496 2132 1119 2477 2057 2060 3058 2483 2741 2067 2317 2495 2125 2466 2385 2393
3082 2602 2279 2970 1701 1724 2039 3160 1993 2242 1883 1491 1354 2685 3025 2228 2191 2009 2017 1595 1658 1309 2462 2778 2634 2241 2102 767 2103 962 2720 2908 3260 2799 2090 1102 572 1226 2834 2310 2304 3416 2335 3220 2432 3862 3273 2571 2486 2697 2124 2725 2252 1878 1475 1050 3076 1984 1078 4085 2385 3369 2884 1771 1647 3262 803 559 1925 1887 1317 857 0 1575 1051 1136 616 2424 1876 1555 1229 1525 695 810 2215 1835 1416 2114 2132 1485 3217 1707 1664 3804 3425 3301 3851 3530 2687 1843 3268 2612 2587 4033 3038 3290 2594 2844 3050 2652 3257 2912 2920
2669 2141 1291 2219 1441 1386 1752 2033 1605 1670 1534 902 1112 1512 2394 1964 1234 1136 760 1032 795 1386 1450 1503 1161 835 485 2057 876 1100 1703 1643 1671 1068 776 1203 1577 692 1278 1523 1076 1653 1920 1927 1577 2198 2073 2032 1987 2006 1481 2008 1907 1946 1162 1138 2133 1270 1040 2317 1128 1978 1742 1076 1147 1999 1378 1849 408 471 1102 782 1461 0 1019 1148 1326 1261 546 296 577 1452 1009 1198 1437 849 1512 1259 1277 1421 1493 1643 1600 2080 1701 1552 2623 2367 2026 1779 1975 1951 1732 2336 1865 2320 1739 1989 1908 1797 1964 2057 2065
3585 2734 2037 3156 2240 2132 2380 2691 2613 2239 1809 1348 1309 2258 2964 2548 1723 1330 1234 1534 1049 1322 2196 2594 1798 1951 1567 1289 1037 764 2053 2149 2828 1946 1433 840 1045 559 1784 1643 1637 2428 1604 2503 1765 2944 2542 2578 2496 2887 2314 3016 2915 2176 1865 1696 2409 1740 1664 2831 2147 2779 2248 1198 1538 2393 736 1364 1258 1359 457 935 1104 908 0 468 1508 2511 1209 888 870 667 1023 1212 2479 1168 1329 1447 1465 1238 2239 1460 1417 2826 2447 2298 3039 2475 1956 1596 2721 1881 1920 3302 2307 2565 1927 2177 2319 1985 2710 2245 2253
3530 2794 2134 2983 2491 2229 2405 2811 2558 2430 2059 1445 1406 2355 3084 2668 1933 1540 1443 1695 1258 1419 2293 2279 2009 1699 1776 1386 1233 632 2150 2246 3038 2151 1530 891 1142 656 1881 1740 1734 2826 1701 2600 1862 3041 2639 2685 2640 2763 2336 2961 2860 2273 2355 1942 2506 1837 1703 2928 2267 2876 2731 1408 1406 2490 833 1461 1355 1317 722 945 1201 1005 480 0 1391 2721 1306 985 967 736 1074 1263 1588 1265 1380 1544 1562 1289 2336 1511 1468 2923 2544 2395 3136 2572 2053 1647 2818 1978 2017 3700 2404 2662 2024 2274 2416 2082 2807 2342 2350
3441 2793 2108 3042 2056 2079 2058 3259 2365 2887 2238 1846 1678 2404 2992 2576 2395 2319 2150 2124 1612 1371 2843 2551 2426 2179 2006 1122 1751 996 2859 3293 2839 1974 1634 946 775 1391 2095 2449 1892 2935 2290 2744 2436 3040 2824 2684 2639 2822 2335 3080 2607 2233 1799 1374 3025 2333 1342 3389 2715 2925 3233 2095 1758 2951 1040 914 1549 1532 1238 641 718 1211 1245 1284 0 2078 1233 1480 1073 1785 639 535 2059 1619 966 2118 2077 837 2310 1059 1016 2897 2518 2369 3807 3243 2642 1033 2792 2567 2591 3323 2993 3251 2598 2848 3005 2656 2781 2916 2716
2793 2635 1733 2874 2141 1828 2043 1715 1248 1305 1794 1344 1305 1174 1641 1662 1200 1206 1579 1474 1237 1828 1209 1241 881 1366 1919 2153 2294 2442 1200 1366 756 904 1353 2138 2301 1583 940 737 791 1443 1730 1589 1767 1860 1735 1479 2397 2214 2004 2216 2115 1528 1873 1700 1556 956 1482 1790 1167 1695 1179 1687 1589 1540 1813 1970 1891 1523 2128 1685 2163 1120 2226 2483 2009 0 748 903 1128 2893 1912 1958 464 1145 2256 1220 1153 2471 1155 2542 2499 1742 1363 1214 2226 1964 2082 2789 1637 2007 1922 2022 1527 1982 1929 2179 1570 1987 1626 2166 2255
2432 2430 1275 2074 1936 1370 2290 1712 1460 1785 1370 886 847 1136 2010 1431 1089 1221 1215 1016 779 1370 1074 1348 1061 996 940 1867 1543 992 1410 1277 1303 992 796 1427 1879 1013 902 1010 594 1118 1498 1551 1399 1822 1697 1659 2192 1861 1465 1863 1762 1708 1110 1122 1757 918 1024 1880 1043 1657 1548 1060 1131 1755 960 1512 909 926 1271 741 1865 484 1218 1303 1156 885 0 439 670 1572 1359 1105 728 655 1703 1079 1301 1920 1117 2157 2114 1704 1325 1176 2508 1944 2065 2477 1599 1362 1554 1992 1489 1944 1561 1811 1532 1619 1588 1879 1887
2490 2431 1397 2132 1937 1492 2130 1768 1518 1389 1371 1008 969 1258 2041 1625 1147 1222 973 1138 901 1492 1196 1416 1222 997 698 1801 1089 1220 1566 1399 1107 1023 797 1143 1557 812 1024 1175 761 1196 989 1673 1162 1944 1927 1574 2193 1919 1587 1921 1820 1623 1375 1250 1879 1040 1146 2102 1041 1724 1976 1182 1253 1745 1248 1867 621 684 1096 1099 1581 242 1139 1268 1521 960 407 0 696 1250 1400 1589 1089 552 1710 844 862 1629 1239 1866 1823 1826 1447 1367 2512 1948 1341 2101 1721 1266 1317 2070 1692 1950 1324 1574 1704 1382 1710 1642 1650
2494 2840 1327 2594 2346 1422 2283 2236 1980 2362 2072 938 899 1548 2604 2188 1609 1631 1400 1068 831 1422 1486 2103 1620 1406 1125 2209 1002 1148 1916 1739 1707 1586 1205 604 1571 801 1314 1484 1225 1709 1495 1963 1571 2234 2109 2684 2602 2381 1517 2383 2282 1766 1162 1180 2169 1450 1076 2473 1787 2014 1778 1112 1183 2035 989 2001 919 1037 866 500 1042 581 910 995 1017 1297 839 635 0 1322 787 976 1144 840 1093 1253 1162 1002 1529 1224 1181 2116 1737 1588 2772 2208 1826 1360 2011 1772 1726 2583 1901 2456 1733 1983 1944 1791 2000 2051 2059
3909 3895 2127 3551 3401 2222 2722 3120 2937 2967 2838 2038 1999 2408 3423 3007 2476 2081 1983 1868 1797 1832 2346 2999 2228 1854 1713 1799 1724 1045 2443 3158 3110 2405 2255 1426 1555 878 2294 2033 2027 2698 2294 2943 2155 3579 3232 3741 3659 3338 2931 3340 3239 3286 2890 2038 2799 2430 1876 3221 2606 2929 2638 1945 1819 2783 1246 1874 1780 1590 1153 1323 1614 1495 734 775 1710 2157 1834 1278 1211 0 1609 1798 1881 1558 1915 1837 1855 1824 2509 2046 2003 3096 2717 2916 3553 2989 2646 2182 2991 2571 2310 3572 2997 3013 2317 2567 3009 2375 2980 2635 2643
3214 2566 2042 2815 1829 1852 1797 2998 2109 2626 2011 1619 1417 2463 2731 2315 2452 2057 1984 2023 1620 1110 2581 2290 2292 1834 1745 895 1490 735 2598 3031 2578 1713 1433 685 844 1130 1989 2263 1631 2674 2006 2678 2255 2980 2944 2457 2412 2595 2108 2853 2380 2006 1538 1113 2844 2071 1081 3128 2454 2984 2971 1779 1509 3607 779 687 1348 1677 977 380 621 1010 984 1023 445 1912 1229 1219 812 1524 0 560 1798 1494 667 1937 1816 576 2244 798 755 2831 2452 2303 3445 2881 2343 934 2726 2283 2410 3263 2709 2967 2432 2682 2706 2490 2715 2735 2743
3403 2755 2048 3004 2018 2041 1939 3140 2327 2768 2200 1808 1671 2285 2873 2569 2276 2200 1985 1817 1552 1252 2805 2432 2307 2060 1887 1084 1632 877 2740 3255 2720 1855 1515 827 1044 1272 2035 2330 1773 2816 2107 2684 2452 2980 2764 2646 2601 2784 2297 3042 2569 2195 1792 1367 3096 2295 1223 3270 2596 4001 3195 1860 1639 3796 921 876 1430 1472 1119 522 810 1092 1126 1165 506 2018 1173 1361 954 1666 505 0 1940 1500 681 2134 1958 590 2250 812 769 2837 2458 2987 4162 3124 2459 948 2732 2384 2607 3263 2810 3068 2614 2864 2822 2672 2721 2932 2656
2743 2653 2028 2316 2159 2123 2818 1973 1771 2380 1812 1639 1600 1409 2060 1545 1199 1205 1578 1808 1940 2162 1451 1354 879 1361 1810 2715 2293 2441 865 1041 1167 903 1341 1767 2471 1572 1045 402 549 1267 1205 1605 1451 1876 2278 2497 2415 2172 2218 2174 2073 1948 2004 2295 1221 1344 1816 1455 1114 1645 1679 2380 1923 1205 2162 2491 1502 1978 2127 1785 2205 1440 2225 2482 2866 524 808 1104 1863 2164 2549 2738 0 1348 2859 849 763 2778 1171 3016 2973 1758 1379 1438 2347 1807 1692 3165 1653 1617 1606 2141 1543 2301 1613 1863 2055 1671 1642 1931 1939
2705 2739 1677 2369 2245 1772 2347 1870 1733 2113 1678 1288 1249 1538 2143 1727 1362 1530 1525 1418 1181 1772 1476 1642 1219 1306 1250 2089 1276 1335 1550 1729 1697 1125 1104 1351 1845 946 1304 1140 1018 1501 1042 1941 1365 2224 1980 2583 2501 2134 1867 2136 2035 2156 1927 1530 1906 1586 1426 2382 1326 2004 1768 1631 1533 2025 1536 2075 1173 1341 1430 1307 1789 794 1184 1269 1932 1287 679 591 880 1538 1615 1804 988 0 1925 1047 1065 1844 1519 2081 2038 2106 1727 1578 2616 2052 1394 2231 2001 1319 1520 2375 1745 2003 1527 1777 1757 1585 1990 1845 1853
3539 2651 2174 3140 1854 1877 2042 3303 2154 2403 2036 1644 1507 2438 3036 2396 2464 2224 2018 1461 1881 1355 2631 3075 2367 2050 1877 920 1795 1040 2790 3082 3179 2018 1505 990 1163 1435 2161 2395 1763 2866 2871 2810 2502 3081 2956 2542 2497 2816 2193 2818 2405 2031 1628 1203 3196 2122 1231 3260 2460 2945 2943 1504 1569 3287 1024 1345 1420 1726 1282 512 1271 1082 1289 1328 810 2144 1361 1487 1032 1716 493 682 2108 1799 0 2184 2208 569 2376 832 789 2963 2584 2435 3881 3317 3438 968 2858 2731 2657 3740 2748 3203 2664 2914 2791 2722 2847 2982 2990
3501 3437 2094 2991 2244 2189 3124 2526 2377 2649 2064 1705 1666 2075 2794 2099 2006 1918 2072 1835 1930 2339 2006 2203 1927 1691 1698 2306 1493 1552 1399 1635 1967 1575 1487 1859 2062 1163 1599 999 824 882 656 1497 862 2042 1536 2005 3201 2778 2284 2780 2679 2507 2049 2067 1755 1834 1843 2009 1977 2199 2486 2164 1950 1994 1753 2381 1770 1583 1667 1786 2121 1205 1401 1486 2390 1269 810 822 1167 1755 2073 2262 857 985 2379 0 742 2288 1509 2510 2467 2224 1550 1053 1667 1103 950 2730 1865 875 1017 1756 1301 1559 1024 1274 1313 1082 2064 1342 1350
3335 3386 2235 3428 2937 2800 2725 2594 2142 2812 2008 1786 1747 2068 2867 2216 2092 1844 2278 1976 1679 2480 2123 2319 1943 1617 2244 2447 1634 1693 1356 1626 1830 1849 1413 1816 2203 1304 1536 946 919 1232 787 1686 1183 2231 1725 1860 3150 3044 2656 3046 2945 2638 2680 2811 1712 1850 1984 2206 2286 2429 2569 2305 2091 1988 1894 2522 1936 1724 1808 1590 2262 1346 1542 1627 2194 1206 767 963 1248 1896 1877 2066 794 1212 2183 865 0 2092 2326 2314 2271 2574 1900 1403 2101 1537 1139 2450 2175 1064 1338 2106 1490 1748 1345 1595 1502 1403 2193 1663 1671
3452 2571 2052 3060 1774 1799 1987 3170 2088 2337 1956 1564 1427 3113 3125 2328 2384 2218 1938 1381 1801 1382 2563 2600 2287 2205 2175 840 1800 1045 3251 3009 3057 2023 1925 995 1341 1440 2879 2859 2394 2863 2459 3108 2620 3379 3397 2462 2417 2736 2113 2738 2326 1956 1548 1123 3494 2054 1151 4338 2764 3732 2863 1424 1489 3219 1282 1265 1889 1976 1287 810 1286 1539 1294 1333 936 2687 1888 1529 1122 1834 671 730 2346 1804 570 2302 2203 0 2674 691 648 3261 2882 3070 3917 3353 2811 767 3156 2736 2775 3737 3162 3420 2782 3032 3174 2840 3145 3100 3108
2642 3030 2442 2494 1820 2125 2552 2323 1607 1856 2112 1993 1694 1763 1965 1234 1874 1991 2287 2052 1626 2548 1145 1782 1802 2031 2005 2619 2226 2360 1048 1215 1548 1419 1742 2340 2870 1820 669 1079 1427 719 1243 958 1534 1229 1104 2053 2555 2226 2503 2228 2085 1656 1957 1975 1704 1488 2051 2028 1440 1329 1503 1907 2158 1598 2202 2550 1825 1912 2234 2134 2761 1509 2209 2294 2969 1185 1137 1292 1517 2563 2301 2347 1399 1534 2645 1409 1655 2729 0 2951 2908 629 503 583 1171 849 1269 3132 1006 1204 1545 954 896 1351 1686 2255 939 1753 995 1535 2225
3345 2828 2549 3077 1971 2016 2304 3505 2301 2550 2153 1761 1624 3245 3238 2542 2581 2569 2135 1578 1998 1579 2778 2797 2484 2534 2392 1037 1997 1242 3105 3225 3284 2220 2180 1192 1538 1637 3096 2695 2390 2880 3163 3425 2817 3696 3594 2719 2674 2857 2370 2935 2539 2170 1745 1320 3461 2267 1348 3883 2961 3549 3168 1621 1686 3441 1479 1549 2086 2184 1484 947 1483 1736 1491 1530 1185 2759 1804 1726 1319 2031 868 1057 2543 1865 928 2499 2323 726 2991 0 485 3578 3199 3050 4174 3610 3008 469 3473 2933 2972 3754 3359 3617 2979 3229 3371 3037 3462 3297 3305
3257 2740 2461 2989 1883 1928 2216 3417 2213 2462 2065 1673 1536 3157 3150 2454 2493 2327 2047 1490 1910 1493 2690 2709 2396 2507 2380 949 1909 1154 3017 3137 3184 2132 2092 1104 1450 1549 2688 2607 2302 2792 3075 3337 2729 3608 3506 2631 2586 2769 2282 2847 2451 2082 1657 1232 3543 2179 1262 3727 2873 3461 3080 1533 1598 3353 1391 1374 1998 2096 1396 859 1395 1648 1403 1442 1097 2671 1716 1638 1231 1943 780 969 2455 1777 860 2411 2235 656 2903 443 0 3490 3111 2962 4212 3522 2920 665 3385 2845 2884 3666 3271 3529 2891 3141 3283 2949 3374 3209 3217
3289 3689 2930 3090 2476 2781 3300 2755 2262 2742 3101 2241 2202 2174 2539 1889 2525 2646 2668 2560 2134 3207 1799 2409 2429 2658 2633 3278 2629 2947 1702 1842 2175 1927 2250 2986 3498 2295 1177 1587 2735 1025 2511 1466 2856 1517 1790 3580 3535 2877 3231 2879 2743 2314 2465 2597 2402 2144 2773 2516 2096 1465 2155 2584 2880 2078 2830 3211 2333 2420 2864 2582 3423 2017 2622 2922 3026 1693 1645 1800 2025 3191 2809 2998 1907 2042 3153 2683 2929 3394 547 3606 3563 0 539 876 1679 1358 1778 3752 1514 1713 2054 867 1404 1859 2778 3028 1447 2716 1503 2221 2158
3282 3161 2619 2779 2158 2464 2890 2304 1945 2194 2450 1930 1891 2103 2335 1574 2214 2335 2357 2249 1823 2888 1485 2149 2118 2347 2322 2959 2318 2636 1388 1588 1864 1616 1939 2675 3354 1984 922 1276 1550 840 1338 1155 1731 1545 1301 2393 2895 2566 2843 2568 2425 1996 2406 2286 2591 1828 2657 2205 1780 1669 1913 2273 2355 1767 2519 2890 2022 2109 2553 2271 3101 1706 2311 2611 3309 1382 1334 1489 1714 2880 3295 3422 1596 1731 2842 1504 1744 3093 496 3315 3262 569 0 520 1368 1046 1466 3441 1203 1401 1742 895 1093 1548 1883 3056 1136 1950 1192 1732 2186
3018 2914 2450 2515 1911 2217 2643 2040 1698 1947 2203 1761 1722 1839 2111 1327 1950 2166 2188 2080 1654 2641 1238 1902 1949 2178 2153 2712 2149 2467 1141 1341 1695 1447 1770 2506 3107 1815 675 1107 1096 380 861 866 1442 1265 1012 2129 2631 2302 2819 2304 2178 1749 2159 2452 2327 1581 2410 2104 1533 1405 1649 2104 2186 1674 2350 2643 1853 1940 2384 2102 2854 1537 2142 2442 3062 1213 1165 1320 1545 2711 3048 3175 1427 1562 2673 1044 1290 3632 305 3854 3811 1126 501 0 1056 734 1154 3992 914 1089 1430 834 804 1259 1594 2289 847 1661 903 1443 1906
3271 3500 3375 3072 2497 2802 3230 2770 2283 2532 2875 2926 2530 2156 2560 1910 2507 2710 3145 2888 2462 3228 1820 2485 2731 2482 2870 3299 2866 2865 1723 1923 2383 2255 2277 3523 3375 2476 1254 1915 1791 1075 1091 1289 1559 1846 1881 3102 3308 2859 3196 2861 2764 2335 2745 2811 2487 2165 2997 2661 2117 2980 2176 2743 3051 2316 3066 3232 2875 2961 2980 2589 3444 2414 2714 2799 3654 2021 1912 1946 2247 3068 2826 3766 2178 2004 3182 1552 1756 3091 884 3313 3270 1611 1232 1021 0 704 1259 3449 781 1194 1535 1709 1513 1940 1730 2179 1702 2815 1612 2289 2335
3314 3659 2814 2811 2228 2534 2960 2336 2015 2264 2389 2425 2386 2135 2401 1644 2246 2224 2792 2495 2318 2958 1555 2219 2682 1998 2517 3029 2513 2512 1458 1658 2595 2380 1794 2510 3022 2123 992 1760 1447 928 612 1203 1042 1921 1352 2425 3424 2598 3115 2600 2495 2066 2476 2769 2623 1898 2727 2400 1850 1701 1939 2768 2610 1970 2713 2960 2440 2323 2627 2438 3171 2061 2361 2446 3379 2020 1429 1463 1986 2715 2681 3492 1608 1523 2990 1073 1275 2910 622 3147 3104 1349 970 759 759 0 727 3296 748 681 1022 1859 1117 1375 1213 1745 1129 1553 1687 1725 1821
3516 3750 2827 3317 2740 3045 3473 2965 2526 2775 2501 2396 2357 2401 2803 2153 2577 2336 2823 2586 2289 3072 2063 2728 2616 2108 2548 3039 2226 2285 1966 2166 2933 2501 1902 2533 2795 1896 1497 1783 1423 1616 604 963 692 1508 1002 3597 3515 3104 3017 3106 3007 2578 2988 2698 2549 2408 2594 2906 2360 3225 2419 2630 2701 2559 2486 3475 2553 2316 2400 2557 2854 1938 2134 2219 3030 2340 1538 1572 1900 2488 2458 2647 1631 1569 2800 948 1272 2673 1127 2895 2852 1854 1475 1265 1387 840 0 3427 1588 333 562 1844 767 1025 863 1312 779 1204 1650 1375 1472
3415 2898 2619 3147 2041 2072 2374 3584 2357 2606 2223 1831 1694 3140 3395 2598 2651 2588 2205 1648 2068 1649 2834 3233 2554 2665 2442 1107 2076 1321 3523 3281 3340 2290 2259 1271 1617 1716 3152 3126 2498 2950 2726 3625 2887 4230 3664 2789 2744 2927 2440 3005 2595 2226 1815 1390 3581 2323 1418 4605 3040 3700 3224 1691 1756 3591 1356 1532 2156 2263 1563 1077 1553 1806 1570 1609 1264 2709 1864 1796 1389 2110 947 997 2495 2071 1007 2569 2393 805 2941 493 719 3528 3149 3121 4004 3440 3078 0 3423 3003 3042 3824 3429 3687 3049 3299 3441 3107 3412 3367 3375
3656 3563 2804 3401 2772 2899 3174 3055 2739 2616 3048 2115 2076 2485 2835 2185 2596 2883 2542 2434 2008 3152 2095 2283 2303 2655 2507 3309 2503 2744 1920 1716 2049 1801 2124 2847 3372 2169 1051 1461 1809 1104 1264 694 1179 1251 1126 3454 3409 3188 3105 3190 3089 2610 2339 2471 2276 2627 2433 2390 2838 1691 2715 2458 2540 1952 2704 3507 2207 2294 2738 2456 3298 1891 2496 2796 2900 1567 1519 1674 1899 3065 2683 2872 1781 1916 3027 1725 1929 3245 906 3467 3424 1493 1114 845 775 647 1192 3258 0 1126 1478 1536 918 1364 1460 1710 961 1518 1017 1557 1786
3448 3961 3303 3249 2671 2977 3406 2903 2457 2707 2687 2400 2361 2333 2735 2085 2615 2522 2734 2797 2380 3409 1995 2660 2521 2278 2459 3474 2248 2307 1898 2098 2791 2262 2088 2459 2817 1918 1429 1709 1349 1347 530 889 692 1434 928 3279 3726 3036 3373 3038 2938 2510 2922 3213 2475 2340 3178 2838 2292 3157 2351 2919 2912 2491 2508 3413 2382 2338 2531 2374 2897 2003 2156 2241 2933 1969 1579 1504 2013 2510 2623 2812 1557 1495 2926 874 1177 2846 1060 3083 3040 1787 1407 1197 1319 764 331 3377 1309 0 587 1770 693 951 789 1349 705 1032 1576 1301 1300
3520 3585 2265 3162 3089 2360 2935 2816 2548 2377 2372 1876 1837 2246 3014 2598 2177 2222 2243 2126 2101 2510 2184 2710 2149 1993 1869 2477 1664 1723 1681 1951 2155 1996 1800 2201 2233 1334 1842 1271 1085 1636 945 1304 584 1849 1343 2176 3349 2949 2455 2951 2850 2165 2220 2238 2037 1922 2134 2459 2272 2767 2476 2335 2241 2021 1924 2552 1726 1754 1838 2183 2292 1376 1572 1657 2468 1531 1197 993 1338 1926 2425 2614 1119 1156 2735 715 913 2655 1473 2892 2849 2542 1821 1807 1777 1179 641 2795 1737 660 0 2510 1108 1366 746 996 1120 804 1991 1064 1072
3974 4318 3479 3700 3197 3504 3933 3570 2983 3643 3180 3150 3111 3160 3261 2613 3391 3029 3157 2745 2508 3099 2521 2904 3363 2801 2882 4007 3478 3192 2424 2166 3867 2414 2386 3295 3747 2784 1551 2168 1551 847 1344 1381 1887 669 941 4165 4083 4163 3669 4165 4064 3035 3449 3392 2714 2866 2753 2847 2818 3432 2877 2958 2860 2572 3799 3241 2765 2848 3046 3580 3806 2411 3086 3171 3995 3274 1683 1895 2373 3321 3058 3944 1913 2154 3402 1510 1743 3633 1209 3855 3812 892 923 639 1711 1393 2317 3991 2063 2242 2021 0 849 1304 1809 2059 831 1747 1179 1372 1307
3852 3750 2751 3849 2896 3203 3166 2867 2326 2383 2882 2062 2023 2432 3140 2312 2543 2731 2616 2381 1955 2726 2220 2108 2132 2503 2334 3316 2797 2690 2020 1541 1874 1748 2071 2793 3019 2176 998 1408 1744 1051 925 677 713 732 483 3917 3835 3315 3292 3317 3216 2734 2286 2304 2033 2034 2380 2517 2317 1638 2242 2236 2487 1899 2710 3048 2154 2241 2561 2583 3078 1838 2358 2443 2907 1514 1466 1621 1846 2712 2810 2856 1728 1890 3154 1269 1572 2865 853 3087 3044 1440 1061 792 1564 1170 737 3387 975 662 1003 989 0 455 982 1333 260 1026 604 856 1235
4482 4390 3095 3992 3895 3190 3617 3722 3182 3059 3090 2558 2519 2928 3156 2508 3007 2939 2985 2956 2451 3340 2866 2724 3038 2711 2699 3307 2494 2553 2363 2157 2490 2244 2518 2957 3063 2164 1494 1904 1952 1547 1133 898 956 1252 781 4236 4154 3779 3285 3781 3680 3386 2782 2800 2539 3070 2964 2983 3292 2134 3158 2901 3071 2395 2754 3382 2556 2584 2668 2831 3122 2206 2402 2487 3298 2010 2182 1823 2168 2756 2945 3020 2062 2098 3251 1477 1780 3160 1349 3382 3339 1800 1557 1288 2051 1378 945 3518 1496 870 1097 1485 496 0 565 1135 618 892 1100 911 1211
3625 3183 2530 3487 2680 2625 3500 3066 2873 3151 2699 2141 2102 2511 3339 2923 2502 2548 2508 2271 2034 2775 2449 2838 2295 2320 2134 2742 1929 1988 1946 2216 2918 2321 1926 2510 2498 1599 1930 1536 1350 2022 1001 1060 398 1370 1099 3752 3669 3274 2720 3276 3175 2909 2485 2503 2302 2746 2279 2724 2516 3032 3341 2435 2386 2286 2189 2817 1991 2019 2103 2266 2557 1641 1837 1922 2733 2325 1462 1258 1603 2191 2409 2598 1384 1421 2753 980 1178 2908 1785 3130 3087 2372 1993 2193 1843 1246 813 3376 1685 738 532 1858 864 696 0 569 789 378 1716 638 646
4004 4048 2909 3806 3553 3004 3879 3505 3192 2961 2871 2460 2421 2890 3658 3242 2821 2720 2887 2650 2353 3004 2828 3217 2794 2492 2513 3121 2308 2367 2325 2595 2799 2640 2305 2665 2877 1978 2836 1915 1729 2401 1585 1644 777 2083 1548 3895 3813 3593 3810 3595 3494 3288 3289 2876 2681 2972 2658 3103 2961 3411 3120 2979 2765 2665 2568 3196 2370 2398 2482 2354 2936 2020 2216 2301 2958 2175 1841 1637 1982 2570 2641 2830 1763 1800 2947 1359 1557 2856 2816 3078 3035 3477 2970 2534 3073 2509 1397 3214 2064 1322 911 2337 1495 1393 697 0 1515 757 2188 1017 1025
3942 3840 2841 3618 2986 3293 3256 2960 2416 2473 2904 2152 2113 2522 3233 2402 2633 2753 2706 2471 2045 2816 2310 2198 2222 2525 2424 3447 2819 2693 2110 1631 1964 1838 2332 2876 3203 2304 1088 1498 1766 1141 947 646 735 811 385 4007 3925 3405 3382 3407 3306 2824 2376 2394 2123 2124 2470 2607 2407 1728 2332 2326 2577 1989 2894 3138 2244 2331 2651 2472 3262 1928 2542 2627 2997 1604 1556 1711 1936 2896 2900 2946 1818 1912 3065 1291 1594 2974 943 3196 3153 1530 1151 882 1654 1192 759 3374 1065 684 1025 1263 446 629 1047 1314 0 765 694 664 786
3716 3274 2621 3578 2771 2716 3591 3170 2964 3242 2790 2232 2193 2602 3443 3027 2593 2639 2599 2362 2125 2866 2540 2942 2386 2411 2225 2833 2020 2079 2037 2307 3009 2425 2017 2567 2589 1690 1642 1627 1441 2113 1415 1281 489 1122 1140 3843 3760 3365 2811 3367 3266 3000 2576 2594 2393 2837 2370 2815 2607 2773 3432 2526 2477 2377 2280 2908 2082 2110 2194 2357 2648 1732 1928 2013 2824 2416 1553 1349 1694 2282 2500 2689 1475 1512 2844 1071 1269 2995 1497 3217 3144 2084 1716 1436 2785 2221 1263 3194 1630 1156 623 1829 814 751 411 609 541 0 1439 609 617
3849 3747 2748 3525 2893 3200 3163 2907 2323 2380 2832 2059 2020 2429 3150 2309 2540 2321 2613 2378 1952 2723 2217 2105 2129 2361 2331 3313 2552 2599 2017 1538 1871 1745 2068 2687 3016 2173 995 1405 1753 1048 1813 843 1500 672 567 3914 3832 3312 3289 3314 3213 2731 2283 2301 2030 2031 2377 2514 2314 1635 2239 2233 2484 1896 2708 3045 2151 2238 2558 2580 3238 1835 2656 2629 2904 1511 1463 1618 1843 2709 2807 2853 1725 1860 3151 2125 2370 2843 850 3065 3022 1437 1058 789 1561 1384 1625 3296 972 1550 2086 1286 502 957 1874 2124 545 1359 0 998 1278
3919 3963 2824 3721 3468 2919 3794 3420 3107 2876 2786 2375 2336 2805 3573 3157 2736 2635 2802 2565 2268 2919 2743 3132 2709 2407 2428 3036 2223 2282 2240 2401 2734 2555 2220 2580 2792 1893 1738 1830 1644 1791 1614 1313 692 1222 817 3810 3728 3508 3725 3510 3409 3203 2779 2791 2596 2887 2573 3018 2876 2378 3035 2894 2680 2580 2483 3111 2285 2313 2397 2536 2851 1935 2131 2216 3124 2090 1756 1552 1897 2485 2807 2996 1678 1715 3113 1274 1472 3022 1608 3244 3201 2195 1816 1547 2449 1852 1419 3380 1730 1344 826 1686 930 851 614 864 641 552 1539 0 700
4215 4039 2900 3857 3544 2995 4035 3556 3243 3012 2862 2511 2472 2881 3829 3413 2872 2711 2878 2761 2404 3145 2819 3345 2742 2483 2504 3112 2299 2358 2316 2586 3048 2811 2290 2716 2868 1969 2215 1906 1720 2271 1867 1651 768 1187 1030 3886 3804 3644 3090 3646 3545 3339 2855 3351 3345 2903 2769 3477 2886 2855 3111 2970 2876 2948 2559 3187 2361 2389 2473 2388 2927 2011 2207 2292 3103 2166 1832 1628 1973 2561 2675 2864 1754 1791 2981 1350 1548 2890 2070 3112 3069 2657 2267 1970 3127 2563 1764 3248 2055 1689 902 1468 1275 1386 690 940 1167 628 1319 768 0